ASM FILE 1 {
D:\×ÊÁÏ\P2code\code\TM56F1522.asm
@@@@@: CODE 3360
0 7 000000 000000 1
0 8 000001 000001 1
0 9 000002 000002 1
0 10 000003 000003 1
0 11 000004 000004 1
0 12 000005 000005 1
0 13 000006 000006 1
0 14 000007 000007 1
0 15 000008 000008 1
0 16 000009 000009 1
0 17 00000A 00000A 1
0 18 00000B 00000B 1
0 19 00000C 00000C 1
0 20 00000D 00000D 1
0 21 00000E 00000E 1
0 22 00000F 00000F 1
0 23 000010 000010 0
0 27 000011 000011 0
0 28 000012 000012 0
0 32 000013 000013 0
0 33 000014 000014 0
0 34 000015 000015 0
0 35 000016 000016 0
0 36 000017 000017 0
0 37 000018 000018 0
0 41 000019 000019 0
0 42 00001A 00001A 0
0 46 00001B 00001B 0
0 47 00001C 00001C 0
0 48 00001D 00001D 0
0 49 00001E 00001E 0
0 50 00001F 00001F 0
0 51 000020 000020 0
0 55 000021 000021 0
0 56 000022 000022 0
0 60 000023 000023 0
0 61 000024 000024 0
0 62 000025 000025 0
0 63 000026 000026 0
0 64 000027 000027 0
0 65 000028 000028 0
0 66 000029 000029 0
0 67 00002A 00002A 0
0 68 00002B 00002B 0
0 69 00002C 00002C 0
0 70 00002D 00002D 0
0 71 00002E 00002E 0
0 72 00002F 00002F 0
0 73 000030 000030 0
0 74 000031 000031 0
0 75 000032 000032 0
0 76 000033 000033 0
0 77 000034 000034 0
0 78 000035 000035 0
0 79 000036 000036 0
0 80 000037 000037 0
0 81 000038 000038 0
0 85 000039 000039 0
0 86 00003A 00003A 0
0 87 00003B 00003B 0
0 88 00003C 00003C 0
0 92 00003D 00003D 0
0 93 00003E 00003E 0
0 94 00003F 00003F 0
0 95 000040 000040 0
0 96 000041 000041 0
0 97 000042 000042 0
0 98 000043 000043 0
0 99 000044 000044 0
0 100 000045 000045 0
0 101 000046 000046 0
0 102 000047 000047 0
0 103 000048 000048 0
0 107 000049 000049 0
0 108 00004A 00004A 0
0 109 00004B 00004B 0
0 110 00004C 00004C 0
0 111 00004D 00004D 0
0 112 00004E 00004E 0
0 113 00004F 00004F 0
0 114 000050 000050 0
0 115 000051 000051 0
0 116 000052 000052 0
0 120 000053 000053 0
0 121 000054 000054 0
0 122 000055 000055 0
0 123 000056 000056 0
0 124 000057 000057 0
0 125 000058 000058 0
0 126 000059 000059 0
0 127 00005A 00005A 0
0 128 00005B 00005B 0
0 129 00005C 00005C 0
0 133 00005D 00005D 0
0 137 00005E 00005E 0
0 138 00005F 00005F 0
0 139 000060 000060 0
0 140 000061 000061 0
0 141 000062 000062 0
0 145 000063 000063 0
0 146 000064 000064 0
0 147 000065 000065 0
0 148 000066 000066 0
0 149 000067 000067 0
0 150 000068 000068 0
0 151 000069 000069 0
0 152 00006A 00006A 0
0 153 00006B 00006B 0
0 154 00006C 00006C 0
0 155 00006D 00006D 0
0 156 00006E 00006E 0
0 157 00006F 00006F 0
0 158 000070 000070 0
0 159 000071 000071 0
0 160 000072 000072 0
0 161 000073 000073 0
0 162 000074 000074 0
0 163 000075 000075 0
0 164 000076 000076 0
0 168 000077 000077 0
0 169 000078 000078 0
0 170 000079 000079 0
0 171 00007A 00007A 0
0 172 00007B 00007B 0
0 173 00007C 00007C 0
0 174 00007D 00007D 0
0 175 00007E 00007E 0
0 176 00007F 00007F 0
0 177 000080 000080 0
0 178 000081 000081 0
0 182 000082 000082 0
0 183 000083 000083 0
0 187 000084 000084 0
0 188 000085 000085 0
0 189 000086 000086 0
0 190 000087 000087 0
0 191 000088 000088 0
0 192 000089 000089 0
0 193 00008A 00008A 0
0 194 00008B 00008B 0
0 195 00008C 00008C 0
0 196 00008D 00008D 0
0 197 00008E 00008E 0
0 198 00008F 00008F 0
0 199 000090 000090 0
0 200 000091 000091 0
0 201 000092 000092 0
0 202 000093 000093 0
0 203 000094 000094 0
0 207 000095 000095 0
0 208 000096 000096 0
0 209 000097 000097 0
0 210 000098 000098 0
0 211 000099 000099 0
0 212 00009A 00009A 0
0 213 00009B 00009B 0
0 214 00009C 00009C 0
0 215 00009D 00009D 0
0 216 00009E 00009E 0
0 217 00009F 00009F 0
0 218 0000A0 0000A0 0
0 219 0000A1 0000A1 0
0 223 0000A2 0000A2 0
0 224 0000A3 0000A3 0
0 228 0000A4 0000A4 0
0 229 0000A5 0000A5 0
0 230 0000A6 0000A6 0
0 231 0000A7 0000A7 0
0 232 0000A8 0000A8 0
0 233 0000A9 0000A9 0
0 234 0000AA 0000AA 0
0 235 0000AB 0000AB 0
0 236 0000AC 0000AC 0
0 237 0000AD 0000AD 0
0 238 0000AE 0000AE 0
0 239 0000AF 0000AF 0
0 240 0000B0 0000B0 0
0 241 0000B1 0000B1 0
0 242 0000B2 0000B2 0
0 246 0000B3 0000B3 0
0 247 0000B4 0000B4 0
0 248 0000B5 0000B5 0
0 249 0000B6 0000B6 0
0 250 0000B7 0000B7 0
0 251 0000B8 0000B8 0
0 252 0000B9 0000B9 0
0 253 0000BA 0000BA 0
0 254 0000BB 0000BB 0
0 258 0000BC 0000BC 0
0 259 0000BD 0000BD 0
0 260 0000BE 0000BE 0
0 261 0000BF 0000BF 0
0 262 0000C0 0000C0 0
0 266 0000C1 0000C1 0
0 267 0000C2 0000C2 0
0 268 0000C3 0000C3 0
0 269 0000C4 0000C4 0
0 270 0000C5 0000C5 0
0 271 0000C6 0000C6 0
0 272 0000C7 0000C7 0
0 273 0000C8 0000C8 0
0 274 0000C9 0000C9 0
0 275 0000CA 0000CA 0
0 276 0000CB 0000CB 0
0 277 0000CC 0000CC 0
0 278 0000CD 0000CD 0
0 279 0000CE 0000CE 0
0 280 0000CF 0000CF 0
0 284 0000D0 0000D0 0
0 285 0000D1 0000D1 0
0 286 0000D2 0000D2 0
0 287 0000D3 0000D3 0
0 288 0000D4 0000D4 0
0 289 0000D5 0000D5 0
0 290 0000D6 0000D6 0
0 291 0000D7 0000D7 0
0 295 0000D8 0000D8 0
0 296 0000D9 0000D9 0
0 297 0000DA 0000DA 0
0 298 0000DB 0000DB 0
0 299 0000DC 0000DC 0
0 300 0000DD 0000DD 0
0 301 0000DE 0000DE 0
0 302 0000DF 0000DF 0
0 303 0000E0 0000E0 0
0 304 0000E1 0000E1 0
0 305 0000E2 0000E2 0
0 306 0000E3 0000E3 0
0 307 0000E4 0000E4 0
0 308 0000E5 0000E5 0
0 309 0000E6 0000E6 0
0 310 0000E7 0000E7 0
0 311 0000E8 0000E8 0
0 312 0000E9 0000E9 0
0 313 0000EA 0000EA 0
0 317 0000EB 0000EB 0
0 318 0000EC 0000EC 0
0 319 0000ED 0000ED 0
0 320 0000EE 0000EE 0
0 321 0000EF 0000EF 0
0 322 0000F0 0000F0 0
0 323 0000F1 0000F1 0
0 324 0000F2 0000F2 0
0 325 0000F3 0000F3 0
0 326 0000F4 0000F4 0
0 327 0000F5 0000F5 0
0 328 0000F6 0000F6 0
0 329 0000F7 0000F7 0
0 330 0000F8 0000F8 0
0 331 0000F9 0000F9 0
0 332 0000FA 0000FA 0
0 336 0000FB 0000FB 0
0 337 0000FC 0000FC 0
0 338 0000FD 0000FD 0
0 339 0000FE 0000FE 0
0 340 0000FF 0000FF 0
0 341 000100 000100 0
0 342 000101 000101 0
0 343 000102 000102 0
0 344 000103 000103 0
0 345 000104 000104 0
0 346 000105 000105 0
0 347 000106 000106 0
0 348 000107 000107 0
0 349 000108 000108 0
0 353 000109 000109 0
0 354 00010A 00010A 0
0 355 00010B 00010B 0
0 356 00010C 00010C 0
0 357 00010D 00010D 0
0 358 00010E 00010E 0
0 359 00010F 00010F 0
0 360 000110 000110 0
0 361 000111 000111 0
0 362 000112 000112 0
0 363 000113 000113 0
0 367 000114 000114 0
0 368 000115 000115 0
0 369 000116 000116 0
0 370 000117 000117 0
0 371 000118 000118 0
0 372 000119 000119 0
0 373 00011A 00011A 0
0 374 00011B 00011B 0
0 375 00011C 00011C 0
0 376 00011D 00011D 0
0 377 00011E 00011E 0
0 378 00011F 00011F 0
0 379 000120 000120 0
0 380 000121 000121 0
0 381 000122 000122 0
0 382 000123 000123 0
0 383 000124 000124 0
0 384 000125 000125 0
0 385 000126 000126 0
0 386 000127 000127 0
0 387 000128 000128 0
0 388 000129 000129 0
0 389 00012A 00012A 0
0 390 00012B 00012B 0
0 391 00012C 00012C 0
0 392 00012D 00012D 0
0 393 00012E 00012E 0
0 394 00012F 00012F 0
0 395 000130 000130 0
0 396 000131 000131 0
0 400 000132 000132 0
0 401 000133 000133 0
0 402 000134 000134 0
0 403 000135 000135 0
0 407 000136 000136 0
0 408 000137 000137 0
0 409 000138 000138 0
0 410 000139 000139 0
0 411 00013A 00013A 0
0 412 00013B 00013B 0
0 413 00013C 00013C 0
0 414 00013D 00013D 0
0 418 00013E 00013E 0
0 419 00013F 00013F 0
0 420 000140 000140 0
0 424 000141 000141 0
0 425 000142 000142 0
0 426 000143 000143 0
0 427 000144 000144 0
0 428 000145 000145 0
0 429 000146 000146 0
0 430 000147 000147 0
0 434 000148 000148 0
0 435 000149 000149 0
0 436 00014A 00014A 0
0 437 00014B 00014B 0
0 438 00014C 00014C 0
0 439 00014D 00014D 0
0 440 00014E 00014E 0
0 441 00014F 00014F 0
0 442 000150 000150 0
0 443 000151 000151 0
0 444 000152 000152 0
0 445 000153 000153 0
0 446 000154 000154 0
0 447 000155 000155 0
0 448 000156 000156 0
0 449 000157 000157 0
0 450 000158 000158 0
0 451 000159 000159 0
0 452 00015A 00015A 0
0 453 00015B 00015B 0
0 457 00015C 00015C 0
0 458 00015D 00015D 0
0 459 00015E 00015E 0
0 460 00015F 00015F 0
0 461 000160 000160 0
0 462 000161 000161 0
0 463 000162 000162 0
0 467 000163 000163 0
0 468 000164 000164 0
0 469 000165 000165 0
0 470 000166 000166 0
0 471 000167 000167 0
0 472 000168 000168 0
0 473 000169 000169 0
0 474 00016A 00016A 0
0 475 00016B 00016B 0
0 476 00016C 00016C 0
0 477 00016D 00016D 0
0 478 00016E 00016E 0
0 479 00016F 00016F 0
0 480 000170 000170 0
0 481 000171 000171 0
0 482 000172 000172 0
0 483 000173 000173 0
0 484 000174 000174 0
0 485 000175 000175 0
0 486 000176 000176 0
0 487 000177 000177 0
0 488 000178 000178 0
0 489 000179 000179 0
0 493 00017A 00017A 0
0 494 00017B 00017B 0
0 495 00017C 00017C 0
0 496 00017D 00017D 0
0 497 00017E 00017E 0
0 498 00017F 00017F 0
0 499 000180 000180 0
0 500 000181 000181 0
0 501 000182 000182 0
0 502 000183 000183 0
0 503 000184 000184 0
0 504 000185 000185 0
0 505 000186 000186 0
0 506 000187 000187 0
0 507 000188 000188 0
0 508 000189 000189 0
0 509 00018A 00018A 0
0 510 00018B 00018B 0
0 511 00018C 00018C 0
0 512 00018D 00018D 0
0 513 00018E 00018E 0
0 514 00018F 00018F 0
0 515 000190 000190 0
0 516 000191 000191 0
0 517 000192 000192 0
0 518 000193 000193 0
0 519 000194 000194 0
0 520 000195 000195 0
0 524 000196 000196 0
0 525 000197 000197 0
0 526 000198 000198 0
0 527 000199 000199 0
0 528 00019A 00019A 0
0 529 00019B 00019B 0
0 530 00019C 00019C 0
0 531 00019D 00019D 0
0 532 00019E 00019E 0
0 533 00019F 00019F 0
0 534 0001A0 0001A0 0
0 535 0001A1 0001A1 0
0 536 0001A2 0001A2 0
0 537 0001A3 0001A3 0
0 538 0001A4 0001A4 0
0 539 0001A5 0001A5 0
0 540 0001A6 0001A6 0
0 541 0001A7 0001A7 0
0 542 0001A8 0001A8 0
0 543 0001A9 0001A9 0
0 544 0001AA 0001AA 0
0 545 0001AB 0001AB 0
0 546 0001AC 0001AC 0
0 547 0001AD 0001AD 0
0 548 0001AE 0001AE 0
0 549 0001AF 0001AF 0
0 550 0001B0 0001B0 0
0 551 0001B1 0001B1 0
0 552 0001B2 0001B2 0
0 553 0001B3 0001B3 0
0 554 0001B4 0001B4 0
0 558 0001B5 0001B5 0
0 559 0001B6 0001B6 0
0 560 0001B7 0001B7 0
0 561 0001B8 0001B8 0
0 562 0001B9 0001B9 0
0 563 0001BA 0001BA 0
0 564 0001BB 0001BB 0
0 565 0001BC 0001BC 0
0 566 0001BD 0001BD 0
0 567 0001BE 0001BE 0
0 568 0001BF 0001BF 0
0 569 0001C0 0001C0 0
0 570 0001C1 0001C1 0
0 571 0001C2 0001C2 0
0 572 0001C3 0001C3 0
0 573 0001C4 0001C4 0
0 574 0001C5 0001C5 0
0 575 0001C6 0001C6 0
0 576 0001C7 0001C7 0
0 577 0001C8 0001C8 0
0 578 0001C9 0001C9 0
0 579 0001CA 0001CA 0
0 580 0001CB 0001CB 0
0 581 0001CC 0001CC 0
0 585 0001CD 0001CD 0
0 586 0001CE 0001CE 0
0 587 0001CF 0001CF 0
0 591 0001D0 0001D0 0
0 592 0001D1 0001D1 0
0 593 0001D2 0001D2 0
0 594 0001D3 0001D3 0
0 595 0001D4 0001D4 0
0 596 0001D5 0001D5 0
0 597 0001D6 0001D6 0
0 598 0001D7 0001D7 0
0 599 0001D8 0001D8 0
0 600 0001D9 0001D9 0
0 601 0001DA 0001DA 0
0 602 0001DB 0001DB 0
0 603 0001DC 0001DC 0
0 604 0001DD 0001DD 0
0 605 0001DE 0001DE 0
0 606 0001DF 0001DF 0
0 607 0001E0 0001E0 0
0 608 0001E1 0001E1 0
0 609 0001E2 0001E2 0
0 610 0001E3 0001E3 0
0 611 0001E4 0001E4 0
0 612 0001E5 0001E5 0
0 613 0001E6 0001E6 0
0 614 0001E7 0001E7 0
0 615 0001E8 0001E8 0
0 616 0001E9 0001E9 0
0 617 0001EA 0001EA 0
0 618 0001EB 0001EB 0
0 619 0001EC 0001EC 0
0 620 0001ED 0001ED 0
0 621 0001EE 0001EE 0
0 622 0001EF 0001EF 0
0 623 0001F0 0001F0 0
0 627 0001F1 0001F1 0
0 628 0001F2 0001F2 0
0 629 0001F3 0001F3 0
0 630 0001F4 0001F4 0
0 631 0001F5 0001F5 0
0 632 0001F6 0001F6 0
0 633 0001F7 0001F7 0
0 634 0001F8 0001F8 0
0 635 0001F9 0001F9 0
0 636 0001FA 0001FA 0
0 637 0001FB 0001FB 0
0 638 0001FC 0001FC 0
0 639 0001FD 0001FD 0
0 643 0001FE 0001FE 0
0 644 0001FF 0001FF 0
0 645 000200 000200 0
0 646 000201 000201 0
0 647 000202 000202 0
0 648 000203 000203 0
0 649 000204 000204 0
0 650 000205 000205 0
0 651 000206 000206 0
0 652 000207 000207 0
0 653 000208 000208 0
0 654 000209 000209 0
0 655 00020A 00020A 0
0 659 00020B 00020B 0
0 660 00020C 00020C 0
0 661 00020D 00020D 0
0 662 00020E 00020E 0
0 663 00020F 00020F 0
0 664 000210 000210 0
0 665 000211 000211 0
0 666 000212 000212 0
0 667 000213 000213 0
0 668 000214 000214 0
0 669 000215 000215 0
0 670 000216 000216 0
0 671 000217 000217 0
0 675 000218 000218 0
0 676 000219 000219 0
0 677 00021A 00021A 0
0 678 00021B 00021B 0
0 679 00021C 00021C 0
0 680 00021D 00021D 0
0 681 00021E 00021E 0
0 682 00021F 00021F 0
0 686 000220 000220 0
0 687 000221 000221 0
0 691 000222 000222 0
0 692 000223 000223 0
0 693 000224 000224 0
0 694 000225 000225 0
0 695 000226 000226 0
0 696 000227 000227 0
0 697 000228 000228 0
0 698 000229 000229 0
0 699 00022A 00022A 0
0 700 00022B 00022B 0
0 701 00022C 00022C 0
0 705 00022D 00022D 0
0 706 00022E 00022E 0
0 707 00022F 00022F 0
0 708 000230 000230 0
0 709 000231 000231 0
0 710 000232 000232 0
0 711 000233 000233 0
0 712 000234 000234 0
0 713 000235 000235 0
0 714 000236 000236 0
0 718 000237 000237 0
0 719 000238 000238 0
0 720 000239 000239 0
0 721 00023A 00023A 0
0 722 00023B 00023B 0
0 723 00023C 00023C 0
0 724 00023D 00023D 0
0 725 00023E 00023E 0
0 726 00023F 00023F 0
0 727 000240 000240 0
0 731 000241 000241 0
0 732 000242 000242 0
0 733 000243 000243 0
0 737 000244 000244 0
0 738 000245 000245 0
0 739 000246 000246 0
0 740 000247 000247 0
0 741 000248 000248 0
0 742 000249 000249 0
0 743 00024A 00024A 0
0 744 00024B 00024B 0
0 745 00024C 00024C 0
0 746 00024D 00024D 0
0 747 00024E 00024E 0
0 748 00024F 00024F 0
0 749 000250 000250 0
0 750 000251 000251 0
0 751 000252 000252 0
0 752 000253 000253 0
0 753 000254 000254 0
0 754 000255 000255 0
0 755 000256 000256 0
0 756 000257 000257 0
0 760 000258 000258 0
0 761 000259 000259 0
0 762 00025A 00025A 0
0 763 00025B 00025B 0
0 764 00025C 00025C 0
0 765 00025D 00025D 0
0 766 00025E 00025E 0
0 767 00025F 00025F 0
0 768 000260 000260 0
0 769 000261 000261 0
0 770 000262 000262 0
0 771 000263 000263 0
0 772 000264 000264 0
0 773 000265 000265 0
0 774 000266 000266 0
0 778 000267 000267 0
0 779 000268 000268 0
0 780 000269 000269 0
0 781 00026A 00026A 0
0 782 00026B 00026B 0
0 783 00026C 00026C 0
0 784 00026D 00026D 0
0 788 00026E 00026E 0
0 789 00026F 00026F 0
0 790 000270 000270 0
0 791 000271 000271 0
0 792 000272 000272 0
0 793 000273 000273 0
0 794 000274 000274 0
0 795 000275 000275 0
0 796 000276 000276 0
0 797 000277 000277 0
0 798 000278 000278 0
0 799 000279 000279 0
0 803 00027A 00027A 0
0 804 00027B 00027B 0
0 805 00027C 00027C 0
0 806 00027D 00027D 0
0 810 00027E 00027E 0
0 811 00027F 00027F 0
0 812 000280 000280 0
0 813 000281 000281 0
0 814 000282 000282 0
0 815 000283 000283 0
0 816 000284 000284 0
0 817 000285 000285 0
0 818 000286 000286 0
0 819 000287 000287 0
0 820 000288 000288 0
0 821 000289 000289 0
0 822 00028A 00028A 0
0 826 00028B 00028B 0
0 827 00028C 00028C 0
0 828 00028D 00028D 0
0 829 00028E 00028E 0
0 830 00028F 00028F 0
0 831 000290 000290 0
0 832 000291 000291 0
0 836 000292 000292 0
0 837 000293 000293 0
0 838 000294 000294 0
0 839 000295 000295 0
0 840 000296 000296 0
0 841 000297 000297 0
0 845 000298 000298 0
0 846 000299 000299 0
0 847 00029A 00029A 0
0 848 00029B 00029B 0
0 852 00029C 00029C 0
0 856 00029D 00029D 0
0 857 00029E 00029E 0
0 858 00029F 00029F 0
0 859 0002A0 0002A0 0
0 863 0002A1 0002A1 0
0 864 0002A2 0002A2 0
0 865 0002A3 0002A3 0
0 866 0002A4 0002A4 0
0 867 0002A5 0002A5 0
0 868 0002A6 0002A6 0
0 869 0002A7 0002A7 0
0 870 0002A8 0002A8 0
0 871 0002A9 0002A9 0
0 872 0002AA 0002AA 0
0 873 0002AB 0002AB 0
0 874 0002AC 0002AC 0
0 875 0002AD 0002AD 0
0 876 0002AE 0002AE 0
0 880 0002AF 0002AF 0
0 881 0002B0 0002B0 0
0 882 0002B1 0002B1 0
0 883 0002B2 0002B2 0
0 884 0002B3 0002B3 0
0 885 0002B4 0002B4 0
0 886 0002B5 0002B5 0
0 887 0002B6 0002B6 0
0 891 0002B7 0002B7 0
0 892 0002B8 0002B8 0
0 893 0002B9 0002B9 0
0 894 0002BA 0002BA 0
0 895 0002BB 0002BB 0
0 896 0002BC 0002BC 0
0 897 0002BD 0002BD 0
0 898 0002BE 0002BE 0
0 902 0002BF 0002BF 0
0 903 0002C0 0002C0 0
0 904 0002C1 0002C1 0
0 905 0002C2 0002C2 0
0 909 0002C3 0002C3 0
0 910 0002C4 0002C4 0
0 914 0002C5 0002C5 0
0 915 0002C6 0002C6 0
0 916 0002C7 0002C7 0
0 917 0002C8 0002C8 0
0 918 0002C9 0002C9 0
0 919 0002CA 0002CA 0
0 920 0002CB 0002CB 0
0 921 0002CC 0002CC 0
0 925 0002CD 0002CD 0
0 926 0002CE 0002CE 0
0 927 0002CF 0002CF 0
0 928 0002D0 0002D0 0
0 932 0002D1 0002D1 0
0 933 0002D2 0002D2 0
0 934 0002D3 0002D3 0
0 935 0002D4 0002D4 0
0 936 0002D5 0002D5 0
0 937 0002D6 0002D6 0
0 938 0002D7 0002D7 0
0 942 0002D8 0002D8 0
0 943 0002D9 0002D9 0
0 944 0002DA 0002DA 0
0 945 0002DB 0002DB 0
0 946 0002DC 0002DC 0
0 947 0002DD 0002DD 0
0 948 0002DE 0002DE 0
0 949 0002DF 0002DF 0
0 950 0002E0 0002E0 0
0 951 0002E1 0002E1 0
0 952 0002E2 0002E2 0
0 953 0002E3 0002E3 0
0 954 0002E4 0002E4 0
0 955 0002E5 0002E5 0
0 956 0002E6 0002E6 0
0 957 0002E7 0002E7 0
0 958 0002E8 0002E8 0
0 959 0002E9 0002E9 0
0 960 0002EA 0002EA 0
0 961 0002EB 0002EB 0
0 962 0002EC 0002EC 0
0 963 0002ED 0002ED 0
0 964 0002EE 0002EE 0
0 965 0002EF 0002EF 0
0 966 0002F0 0002F0 0
0 967 0002F1 0002F1 0
0 968 0002F2 0002F2 0
0 969 0002F3 0002F3 0
0 970 0002F4 0002F4 0
0 971 0002F5 0002F5 0
0 972 0002F6 0002F6 0
0 973 0002F7 0002F7 0
0 974 0002F8 0002F8 0
0 975 0002F9 0002F9 0
0 976 0002FA 0002FA 0
0 977 0002FB 0002FB 0
0 978 0002FC 0002FC 0
0 979 0002FD 0002FD 0
0 980 0002FE 0002FE 0
0 981 0002FF 0002FF 0
0 982 000300 000300 0
0 986 000301 000301 0
0 987 000302 000302 0
0 991 000303 000303 0
0 992 000304 000304 0
0 993 000305 000305 0
0 994 000306 000306 0
0 995 000307 000307 0
0 996 000308 000308 0
0 997 000309 000309 0
0 998 00030A 00030A 0
0 1002 00030B 00030B 0
0 1003 00030C 00030C 0
0 1004 00030D 00030D 0
0 1008 00030E 00030E 0
0 1009 00030F 00030F 0
0 1010 000310 000310 0
0 1011 000311 000311 0
0 1012 000312 000312 0
0 1013 000313 000313 0
0 1014 000314 000314 0
0 1015 000315 000315 0
0 1016 000316 000316 0
0 1017 000317 000317 0
0 1018 000318 000318 0
0 1019 000319 000319 0
0 1023 00031A 00031A 0
0 1024 00031B 00031B 0
0 1025 00031C 00031C 0
0 1026 00031D 00031D 0
0 1030 00031E 00031E 0
0 1031 00031F 00031F 0
0 1032 000320 000320 0
0 1033 000321 000321 0
0 1034 000322 000322 0
0 1035 000323 000323 0
0 1036 000324 000324 0
0 1040 000325 000325 0
0 1041 000326 000326 0
0 1042 000327 000327 0
0 1043 000328 000328 0
0 1044 000329 000329 0
0 1048 00032A 00032A 0
0 1049 00032B 00032B 0
0 1053 00032C 00032C 0
0 1054 00032D 00032D 0
0 1055 00032E 00032E 0
0 1056 00032F 00032F 0
0 1057 000330 000330 0
0 1061 000331 000331 0
0 1062 000332 000332 0
0 1063 000333 000333 0
0 1064 000334 000334 0
0 1065 000335 000335 0
0 1066 000336 000336 0
0 1067 000337 000337 0
0 1068 000338 000338 0
0 1069 000339 000339 0
0 1070 00033A 00033A 0
0 1071 00033B 00033B 0
0 1075 00033C 00033C 0
0 1079 00033D 00033D 0
0 1080 00033E 00033E 0
0 1081 00033F 00033F 0
0 1082 000340 000340 0
0 1083 000341 000341 0
0 1084 000342 000342 0
0 1085 000343 000343 0
0 1086 000344 000344 0
0 1087 000345 000345 0
0 1088 000346 000346 0
0 1089 000347 000347 0
0 1093 000348 000348 0
0 1094 000349 000349 0
0 1095 00034A 00034A 0
0 1096 00034B 00034B 0
0 1097 00034C 00034C 0
0 1098 00034D 00034D 0
0 1099 00034E 00034E 0
0 1100 00034F 00034F 0
0 1101 000350 000350 0
0 1102 000351 000351 0
0 1103 000352 000352 0
0 1104 000353 000353 0
0 1105 000354 000354 0
0 1106 000355 000355 0
0 1107 000356 000356 0
0 1108 000357 000357 0
0 1109 000358 000358 0
0 1110 000359 000359 0
0 1111 00035A 00035A 0
0 1112 00035B 00035B 0
0 1113 00035C 00035C 0
0 1117 00035D 00035D 0
0 1118 00035E 00035E 0
0 1119 00035F 00035F 0
0 1120 000360 000360 0
0 1124 000361 000361 0
0 1125 000362 000362 0
0 1126 000363 000363 0
0 1127 000364 000364 0
0 1128 000365 000365 0
0 1129 000366 000366 0
0 1130 000367 000367 0
0 1131 000368 000368 0
0 1132 000369 000369 0
0 1133 00036A 00036A 0
0 1134 00036B 00036B 0
0 1135 00036C 00036C 0
0 1136 00036D 00036D 0
0 1137 00036E 00036E 0
0 1141 00036F 00036F 0
0 1142 000370 000370 0
0 1143 000371 000371 0
0 1147 000372 000372 0
0 1148 000373 000373 0
0 1149 000374 000374 0
0 1153 000375 000375 0
0 1154 000376 000376 0
0 1155 000377 000377 0
0 1159 000378 000378 0
0 1160 000379 000379 0
0 1161 00037A 00037A 0
0 1162 00037B 00037B 0
0 1163 00037C 00037C 0
0 1164 00037D 00037D 0
0 1165 00037E 00037E 0
0 1166 00037F 00037F 0
0 1167 000380 000380 0
0 1168 000381 000381 0
0 1169 000382 000382 0
0 1170 000383 000383 0
0 1171 000384 000384 0
0 1172 000385 000385 0
0 1173 000386 000386 0
0 1174 000387 000387 0
0 1175 000388 000388 0
0 1176 000389 000389 0
0 1177 00038A 00038A 0
0 1178 00038B 00038B 0
0 1179 00038C 00038C 0
0 1180 00038D 00038D 0
0 1181 00038E 00038E 0
0 1185 00038F 00038F 0
0 1186 000390 000390 0
0 1187 000391 000391 0
0 1188 000392 000392 0
0 1189 000393 000393 0
0 1193 000394 000394 0
0 1194 000395 000395 0
0 1195 000396 000396 0
0 1199 000397 000397 0
0 1200 000398 000398 0
0 1201 000399 000399 0
0 1202 00039A 00039A 0
0 1203 00039B 00039B 0
0 1204 00039C 00039C 0
0 1205 00039D 00039D 0
0 1206 00039E 00039E 0
0 1207 00039F 00039F 0
0 1211 0003A0 0003A0 0
0 1212 0003A1 0003A1 0
0 1213 0003A2 0003A2 0
0 1214 0003A3 0003A3 0
0 1215 0003A4 0003A4 0
0 1216 0003A5 0003A5 0
0 1217 0003A6 0003A6 0
0 1218 0003A7 0003A7 0
0 1219 0003A8 0003A8 0
0 1220 0003A9 0003A9 0
0 1221 0003AA 0003AA 0
0 1222 0003AB 0003AB 0
0 1223 0003AC 0003AC 0
0 1224 0003AD 0003AD 0
0 1225 0003AE 0003AE 0
0 1226 0003AF 0003AF 0
0 1227 0003B0 0003B0 0
0 1228 0003B1 0003B1 0
0 1229 0003B2 0003B2 0
0 1230 0003B3 0003B3 0
0 1231 0003B4 0003B4 0
0 1235 0003B5 0003B5 0
0 1236 0003B6 0003B6 0
0 1237 0003B7 0003B7 0
0 1238 0003B8 0003B8 0
0 1239 0003B9 0003B9 0
0 1240 0003BA 0003BA 0
0 1244 0003BB 0003BB 0
0 1245 0003BC 0003BC 0
0 1246 0003BD 0003BD 0
0 1247 0003BE 0003BE 0
0 1248 0003BF 0003BF 0
0 1252 0003C0 0003C0 0
0 1253 0003C1 0003C1 0
0 1254 0003C2 0003C2 0
0 1255 0003C3 0003C3 0
0 1256 0003C4 0003C4 0
0 1257 0003C5 0003C5 0
0 1258 0003C6 0003C6 0
0 1259 0003C7 0003C7 0
0 1260 0003C8 0003C8 0
0 1261 0003C9 0003C9 0
0 1262 0003CA 0003CA 0
0 1263 0003CB 0003CB 0
0 1264 0003CC 0003CC 0
0 1265 0003CD 0003CD 0
0 1266 0003CE 0003CE 0
0 1267 0003CF 0003CF 0
0 1268 0003D0 0003D0 0
0 1269 0003D1 0003D1 0
0 1270 0003D2 0003D2 0
0 1271 0003D3 0003D3 0
0 1272 0003D4 0003D4 0
0 1273 0003D5 0003D5 0
0 1274 0003D6 0003D6 0
0 1275 0003D7 0003D7 0
0 1276 0003D8 0003D8 0
0 1277 0003D9 0003D9 0
0 1278 0003DA 0003DA 0
0 1279 0003DB 0003DB 0
0 1280 0003DC 0003DC 0
0 1281 0003DD 0003DD 0
0 1285 0003DE 0003DE 0
0 1286 0003DF 0003DF 0
0 1287 0003E0 0003E0 0
0 1288 0003E1 0003E1 0
0 1289 0003E2 0003E2 0
0 1290 0003E3 0003E3 0
0 1291 0003E4 0003E4 0
0 1292 0003E5 0003E5 0
0 1296 0003E6 0003E6 0
0 1297 0003E7 0003E7 0
0 1301 0003E8 0003E8 0
0 1302 0003E9 0003E9 0
0 1303 0003EA 0003EA 0
0 1304 0003EB 0003EB 0
0 1305 0003EC 0003EC 0
0 1306 0003ED 0003ED 0
0 1310 0003EE 0003EE 0
0 1311 0003EF 0003EF 0
0 1312 0003F0 0003F0 0
0 1313 0003F1 0003F1 0
0 1314 0003F2 0003F2 0
0 1318 0003F3 0003F3 0
0 1319 0003F4 0003F4 0
0 1323 0003F5 0003F5 0
0 1324 0003F6 0003F6 0
0 1325 0003F7 0003F7 0
0 1326 0003F8 0003F8 0
0 1327 0003F9 0003F9 0
0 1328 0003FA 0003FA 0
0 1329 0003FB 0003FB 0
0 1330 0003FC 0003FC 0
0 1331 0003FD 0003FD 0
0 1332 0003FE 0003FE 0
0 1333 0003FF 0003FF 0
0 1337 000400 000400 0
0 1338 000401 000401 0
0 1339 000402 000402 0
0 1340 000403 000403 0
0 1341 000404 000404 0
0 1342 000405 000405 0
0 1343 000406 000406 0
0 1347 000407 000407 0
0 1348 000408 000408 0
0 1352 000409 000409 0
0 1353 00040A 00040A 0
0 1354 00040B 00040B 0
0 1355 00040C 00040C 0
0 1359 00040D 00040D 0
0 1360 00040E 00040E 0
0 1361 00040F 00040F 0
0 1362 000410 000410 0
0 1366 000411 000411 0
0 1367 000412 000412 0
0 1368 000413 000413 0
0 1369 000414 000414 0
0 1373 000415 000415 0
0 1374 000416 000416 0
0 1375 000417 000417 0
0 1379 000418 000418 0
0 1380 000419 000419 0
0 1381 00041A 00041A 0
0 1382 00041B 00041B 0
0 1383 00041C 00041C 0
0 1384 00041D 00041D 0
0 1385 00041E 00041E 0
0 1386 00041F 00041F 0
0 1387 000420 000420 0
0 1388 000421 000421 0
0 1389 000422 000422 0
0 1393 000423 000423 0
0 1394 000424 000424 0
0 1395 000425 000425 0
0 1396 000426 000426 0
0 1397 000427 000427 0
0 1398 000428 000428 0
0 1399 000429 000429 0
0 1400 00042A 00042A 0
0 1401 00042B 00042B 0
0 1402 00042C 00042C 0
0 1403 00042D 00042D 0
0 1404 00042E 00042E 0
0 1405 00042F 00042F 0
0 1406 000430 000430 0
0 1410 000431 000431 0
0 1414 000432 000432 0
0 1415 000433 000433 0
0 1416 000434 000434 0
0 1417 000435 000435 0
0 1418 000436 000436 0
0 1422 000437 000437 0
0 1423 000438 000438 0
0 1427 000439 000439 0
0 1428 00043A 00043A 0
0 1429 00043B 00043B 0
0 1430 00043C 00043C 0
0 1431 00043D 00043D 0
0 1432 00043E 00043E 0
0 1433 00043F 00043F 0
0 1434 000440 000440 0
0 1438 000441 000441 0
0 1439 000442 000442 0
0 1440 000443 000443 0
0 1441 000444 000444 0
0 1445 000445 000445 0
0 1446 000446 000446 0
0 1447 000447 000447 0
0 1448 000448 000448 0
0 1449 000449 000449 0
0 1450 00044A 00044A 0
0 1454 00044B 00044B 0
0 1455 00044C 00044C 0
0 1456 00044D 00044D 0
0 1460 00044E 00044E 0
0 1461 00044F 00044F 0
0 1462 000450 000450 0
0 1463 000451 000451 0
0 1464 000452 000452 0
0 1465 000453 000453 0
0 1466 000454 000454 0
0 1467 000455 000455 0
0 1468 000456 000456 0
0 1472 000457 000457 0
0 1473 000458 000458 0
0 1474 000459 000459 0
0 1475 00045A 00045A 0
0 1476 00045B 00045B 0
0 1477 00045C 00045C 0
0 1478 00045D 00045D 0
0 1479 00045E 00045E 0
0 1480 00045F 00045F 0
0 1481 000460 000460 0
0 1482 000461 000461 0
0 1483 000462 000462 0
0 1484 000463 000463 0
0 1485 000464 000464 0
0 1486 000465 000465 0
0 1487 000466 000466 0
0 1488 000467 000467 0
0 1489 000468 000468 0
0 1490 000469 000469 0
0 1491 00046A 00046A 0
0 1492 00046B 00046B 0
0 1493 00046C 00046C 0
0 1494 00046D 00046D 0
0 1495 00046E 00046E 0
0 1496 00046F 00046F 0
0 1497 000470 000470 0
0 1498 000471 000471 0
0 1499 000472 000472 0
0 1500 000473 000473 0
0 1501 000474 000474 0
0 1502 000475 000475 0
0 1503 000476 000476 0
0 1504 000477 000477 0
0 1505 000478 000478 0
0 1506 000479 000479 0
0 1507 00047A 00047A 0
0 1508 00047B 00047B 0
0 1509 00047C 00047C 0
0 1510 00047D 00047D 0
0 1511 00047E 00047E 0
0 1512 00047F 00047F 0
0 1513 000480 000480 0
0 1514 000481 000481 0
0 1515 000482 000482 0
0 1516 000483 000483 0
0 1517 000484 000484 0
0 1518 000485 000485 0
0 1519 000486 000486 0
0 1520 000487 000487 0
0 1521 000488 000488 0
0 1522 000489 000489 0
0 1523 00048A 00048A 0
0 1524 00048B 00048B 0
0 1525 00048C 00048C 0
0 1526 00048D 00048D 0
0 1527 00048E 00048E 0
0 1528 00048F 00048F 0
0 1529 000490 000490 0
0 1530 000491 000491 0
0 1531 000492 000492 0
0 1532 000493 000493 0
0 1533 000494 000494 0
0 1534 000495 000495 0
0 1535 000496 000496 0
0 1536 000497 000497 0
0 1537 000498 000498 0
0 1538 000499 000499 0
0 1539 00049A 00049A 0
0 1540 00049B 00049B 0
0 1541 00049C 00049C 0
0 1542 00049D 00049D 0
0 1543 00049E 00049E 0
0 1544 00049F 00049F 0
0 1545 0004A0 0004A0 0
0 1546 0004A1 0004A1 0
0 1547 0004A2 0004A2 0
0 1548 0004A3 0004A3 0
0 1549 0004A4 0004A4 0
0 1550 0004A5 0004A5 0
0 1551 0004A6 0004A6 0
0 1555 0004A7 0004A7 0
0 1556 0004A8 0004A8 0
0 1557 0004A9 0004A9 0
0 1558 0004AA 0004AA 0
0 1559 0004AB 0004AB 0
0 1563 0004AC 0004AC 0
0 1564 0004AD 0004AD 0
0 1565 0004AE 0004AE 0
0 1566 0004AF 0004AF 0
0 1567 0004B0 0004B0 0
0 1568 0004B1 0004B1 0
0 1569 0004B2 0004B2 0
0 1570 0004B3 0004B3 0
0 1574 0004B4 0004B4 0
0 1575 0004B5 0004B5 0
0 1579 0004B6 0004B6 0
0 1580 0004B7 0004B7 0
0 1581 0004B8 0004B8 0
0 1582 0004B9 0004B9 0
0 1583 0004BA 0004BA 0
0 1584 0004BB 0004BB 0
0 1585 0004BC 0004BC 0
0 1586 0004BD 0004BD 0
0 1587 0004BE 0004BE 0
0 1588 0004BF 0004BF 0
0 1589 0004C0 0004C0 0
0 1590 0004C1 0004C1 0
0 1594 0004C2 0004C2 0
0 1595 0004C3 0004C3 0
0 1599 0004C4 0004C4 0
0 1600 0004C5 0004C5 0
0 1601 0004C6 0004C6 0
0 1602 0004C7 0004C7 0
0 1603 0004C8 0004C8 0
0 1604 0004C9 0004C9 0
0 1605 0004CA 0004CA 0
0 1606 0004CB 0004CB 0
0 1607 0004CC 0004CC 0
0 1608 0004CD 0004CD 0
0 1609 0004CE 0004CE 0
0 1610 0004CF 0004CF 0
0 1614 0004D0 0004D0 0
0 1615 0004D1 0004D1 0
0 1616 0004D2 0004D2 0
0 1620 0004D3 0004D3 0
0 1621 0004D4 0004D4 0
0 1622 0004D5 0004D5 0
0 1623 0004D6 0004D6 0
0 1624 0004D7 0004D7 0
0 1625 0004D8 0004D8 0
0 1626 0004D9 0004D9 0
0 1627 0004DA 0004DA 0
0 1628 0004DB 0004DB 0
0 1629 0004DC 0004DC 0
0 1630 0004DD 0004DD 0
0 1631 0004DE 0004DE 0
0 1635 0004DF 0004DF 0
0 1636 0004E0 0004E0 0
0 1637 0004E1 0004E1 0
0 1641 0004E2 0004E2 0
0 1642 0004E3 0004E3 0
0 1643 0004E4 0004E4 0
0 1644 0004E5 0004E5 0
0 1645 0004E6 0004E6 0
0 1646 0004E7 0004E7 0
0 1647 0004E8 0004E8 0
0 1648 0004E9 0004E9 0
0 1649 0004EA 0004EA 0
0 1650 0004EB 0004EB 0
0 1651 0004EC 0004EC 0
0 1652 0004ED 0004ED 0
0 1656 0004EE 0004EE 0
0 1657 0004EF 0004EF 0
0 1658 0004F0 0004F0 0
0 1662 0004F1 0004F1 0
0 1663 0004F2 0004F2 0
0 1664 0004F3 0004F3 0
0 1665 0004F4 0004F4 0
0 1666 0004F5 0004F5 0
0 1667 0004F6 0004F6 0
0 1668 0004F7 0004F7 0
0 1669 0004F8 0004F8 0
0 1670 0004F9 0004F9 0
0 1671 0004FA 0004FA 0
0 1672 0004FB 0004FB 0
0 1673 0004FC 0004FC 0
0 1677 0004FD 0004FD 0
0 1678 0004FE 0004FE 0
0 1679 0004FF 0004FF 0
0 1683 000500 000500 0
0 1684 000501 000501 0
0 1685 000502 000502 0
0 1686 000503 000503 0
0 1687 000504 000504 0
0 1688 000505 000505 0
0 1689 000506 000506 0
0 1690 000507 000507 0
0 1691 000508 000508 0
0 1692 000509 000509 0
0 1693 00050A 00050A 0
0 1694 00050B 00050B 0
0 1698 00050C 00050C 0
0 1699 00050D 00050D 0
0 1700 00050E 00050E 0
0 1704 00050F 00050F 0
0 1705 000510 000510 0
0 1706 000511 000511 0
0 1707 000512 000512 0
0 1708 000513 000513 0
0 1709 000514 000514 0
0 1710 000515 000515 0
0 1711 000516 000516 0
0 1712 000517 000517 0
0 1713 000518 000518 0
0 1714 000519 000519 0
0 1715 00051A 00051A 0
0 1719 00051B 00051B 0
0 1720 00051C 00051C 0
0 1721 00051D 00051D 0
0 1725 00051E 00051E 0
0 1726 00051F 00051F 0
0 1727 000520 000520 0
0 1728 000521 000521 0
0 1729 000522 000522 0
0 1730 000523 000523 0
0 1731 000524 000524 0
0 1732 000525 000525 0
0 1733 000526 000526 0
0 1734 000527 000527 0
0 1735 000528 000528 0
0 1736 000529 000529 0
0 1740 00052A 00052A 0
0 1741 00052B 00052B 0
0 1742 00052C 00052C 0
0 1746 00052D 00052D 0
0 1747 00052E 00052E 0
0 1748 00052F 00052F 0
0 1749 000530 000530 0
0 1750 000531 000531 0
0 1751 000532 000532 0
0 1752 000533 000533 0
0 1753 000534 000534 0
0 1754 000535 000535 0
0 1755 000536 000536 0
0 1756 000537 000537 0
0 1757 000538 000538 0
0 1761 000539 000539 0
0 1762 00053A 00053A 0
0 1763 00053B 00053B 0
0 1767 00053C 00053C 0
0 1768 00053D 00053D 0
0 1769 00053E 00053E 0
0 1770 00053F 00053F 0
0 1771 000540 000540 0
0 1772 000541 000541 0
0 1773 000542 000542 0
0 1774 000543 000543 0
0 1775 000544 000544 0
0 1776 000545 000545 0
0 1777 000546 000546 0
0 1778 000547 000547 0
0 1779 000548 000548 0
0 1783 000549 000549 0
0 1784 00054A 00054A 0
0 1788 00054B 00054B 0
0 1789 00054C 00054C 0
0 1790 00054D 00054D 0
0 1791 00054E 00054E 0
0 1792 00054F 00054F 0
0 1793 000550 000550 0
0 1794 000551 000551 0
0 1795 000552 000552 0
0 1796 000553 000553 0
0 1800 000554 000554 0
0 1801 000555 000555 0
0 1802 000556 000556 0
0 1803 000557 000557 0
0 1804 000558 000558 0
0 1805 000559 000559 0
0 1806 00055A 00055A 0
0 1807 00055B 00055B 0
0 1808 00055C 00055C 0
0 1812 00055D 00055D 0
0 1813 00055E 00055E 0
0 1814 00055F 00055F 0
0 1815 000560 000560 0
0 1816 000561 000561 0
0 1817 000562 000562 0
0 1818 000563 000563 0
0 1819 000564 000564 0
0 1820 000565 000565 0
0 1824 000566 000566 0
0 1825 000567 000567 0
0 1826 000568 000568 0
0 1827 000569 000569 0
0 1828 00056A 00056A 0
0 1829 00056B 00056B 0
0 1830 00056C 00056C 0
0 1831 00056D 00056D 0
0 1832 00056E 00056E 0
0 1836 00056F 00056F 0
0 1837 000570 000570 0
0 1838 000571 000571 0
0 1839 000572 000572 0
0 1840 000573 000573 0
0 1841 000574 000574 0
0 1842 000575 000575 0
0 1843 000576 000576 0
0 1844 000577 000577 0
0 1848 000578 000578 0
0 1849 000579 000579 0
0 1850 00057A 00057A 0
0 1851 00057B 00057B 0
0 1852 00057C 00057C 0
0 1853 00057D 00057D 0
0 1854 00057E 00057E 0
0 1855 00057F 00057F 0
0 1856 000580 000580 0
0 1860 000581 000581 0
0 1861 000582 000582 0
0 1862 000583 000583 0
0 1863 000584 000584 0
0 1864 000585 000585 0
0 1865 000586 000586 0
0 1866 000587 000587 0
0 1867 000588 000588 0
0 1868 000589 000589 0
0 1872 00058A 00058A 0
0 1873 00058B 00058B 0
0 1874 00058C 00058C 0
0 1875 00058D 00058D 0
0 1876 00058E 00058E 0
0 1877 00058F 00058F 0
0 1878 000590 000590 0
0 1879 000591 000591 0
0 1880 000592 000592 0
0 1884 000593 000593 0
0 1885 000594 000594 0
0 1886 000595 000595 0
0 1887 000596 000596 0
0 1888 000597 000597 0
0 1889 000598 000598 0
0 1890 000599 000599 0
0 1891 00059A 00059A 0
0 1892 00059B 00059B 0
0 1893 00059C 00059C 0
0 1894 00059D 00059D 0
0 1895 00059E 00059E 0
0 1896 00059F 00059F 0
0 1900 0005A0 0005A0 0
0 1901 0005A1 0005A1 0
0 1902 0005A2 0005A2 0
0 1903 0005A3 0005A3 0
0 1904 0005A4 0005A4 0
0 1905 0005A5 0005A5 0
0 1906 0005A6 0005A6 0
0 1907 0005A7 0005A7 0
0 1908 0005A8 0005A8 0
0 1909 0005A9 0005A9 0
0 1913 0005AA 0005AA 0
0 1914 0005AB 0005AB 0
0 1915 0005AC 0005AC 0
0 1916 0005AD 0005AD 0
0 1917 0005AE 0005AE 0
0 1918 0005AF 0005AF 0
0 1922 0005B0 0005B0 0
0 1923 0005B1 0005B1 0
0 1924 0005B2 0005B2 0
0 1925 0005B3 0005B3 0
0 1926 0005B4 0005B4 0
0 1927 0005B5 0005B5 0
0 1928 0005B6 0005B6 0
0 1929 0005B7 0005B7 0
0 1930 0005B8 0005B8 0
0 1931 0005B9 0005B9 0
0 1932 0005BA 0005BA 0
0 1933 0005BB 0005BB 0
0 1934 0005BC 0005BC 0
0 1935 0005BD 0005BD 0
0 1936 0005BE 0005BE 0
0 1937 0005BF 0005BF 0
0 1938 0005C0 0005C0 0
0 1939 0005C1 0005C1 0
0 1940 0005C2 0005C2 0
0 1941 0005C3 0005C3 0
0 1942 0005C4 0005C4 0
0 1943 0005C5 0005C5 0
0 1944 0005C6 0005C6 0
0 1945 0005C7 0005C7 0
0 1946 0005C8 0005C8 0
0 1947 0005C9 0005C9 0
0 1948 0005CA 0005CA 0
0 1949 0005CB 0005CB 0
0 1953 0005CC 0005CC 0
0 1954 0005CD 0005CD 0
0 1955 0005CE 0005CE 0
0 1956 0005CF 0005CF 0
0 1957 0005D0 0005D0 0
0 1958 0005D1 0005D1 0
0 1959 0005D2 0005D2 0
0 1960 0005D3 0005D3 0
0 1961 0005D4 0005D4 0
0 1962 0005D5 0005D5 0
0 1963 0005D6 0005D6 0
0 1967 0005D7 0005D7 0
0 1968 0005D8 0005D8 0
0 1969 0005D9 0005D9 0
0 1973 0005DA 0005DA 0
0 1974 0005DB 0005DB 0
0 1975 0005DC 0005DC 0
0 1976 0005DD 0005DD 0
0 1977 0005DE 0005DE 0
0 1978 0005DF 0005DF 0
0 1979 0005E0 0005E0 0
0 1980 0005E1 0005E1 0
0 1981 0005E2 0005E2 0
0 1982 0005E3 0005E3 0
0 1983 0005E4 0005E4 0
0 1984 0005E5 0005E5 0
0 1985 0005E6 0005E6 0
0 1986 0005E7 0005E7 0
0 1987 0005E8 0005E8 0
0 1988 0005E9 0005E9 0
0 1989 0005EA 0005EA 0
0 1990 0005EB 0005EB 0
0 1994 0005EC 0005EC 0
0 1995 0005ED 0005ED 0
0 1996 0005EE 0005EE 0
0 1997 0005EF 0005EF 0
0 1998 0005F0 0005F0 0
0 1999 0005F1 0005F1 0
0 2000 0005F2 0005F2 0
0 2001 0005F3 0005F3 0
0 2002 0005F4 0005F4 0
0 2003 0005F5 0005F5 0
0 2004 0005F6 0005F6 0
0 2005 0005F7 0005F7 0
0 2006 0005F8 0005F8 0
0 2007 0005F9 0005F9 0
0 2008 0005FA 0005FA 0
0 2009 0005FB 0005FB 0
0 2010 0005FC 0005FC 0
0 2011 0005FD 0005FD 0
0 2012 0005FE 0005FE 0
0 2013 0005FF 0005FF 0
0 2017 000600 000600 0
0 2018 000601 000601 0
0 2019 000602 000602 0
0 2020 000603 000603 0
0 2021 000604 000604 0
0 2022 000605 000605 0
0 2023 000606 000606 0
0 2024 000607 000607 0
0 2025 000608 000608 0
0 2026 000609 000609 0
0 2030 00060A 00060A 0
0 2031 00060B 00060B 0
0 2032 00060C 00060C 0
0 2033 00060D 00060D 0
0 2034 00060E 00060E 0
0 2035 00060F 00060F 0
0 2036 000610 000610 0
0 2037 000611 000611 0
0 2038 000612 000612 0
0 2039 000613 000613 0
0 2040 000614 000614 0
0 2041 000615 000615 0
0 2042 000616 000616 0
0 2043 000617 000617 0
0 2044 000618 000618 0
0 2045 000619 000619 0
0 2046 00061A 00061A 0
0 2047 00061B 00061B 0
0 2048 00061C 00061C 0
0 2049 00061D 00061D 0
0 2050 00061E 00061E 0
0 2051 00061F 00061F 0
0 2052 000620 000620 0
0 2053 000621 000621 0
0 2054 000622 000622 0
0 2055 000623 000623 0
0 2056 000624 000624 0
0 2057 000625 000625 0
0 2058 000626 000626 0
0 2059 000627 000627 0
0 2060 000628 000628 0
0 2061 000629 000629 0
0 2062 00062A 00062A 0
0 2063 00062B 00062B 0
0 2064 00062C 00062C 0
0 2065 00062D 00062D 0
0 2066 00062E 00062E 0
0 2067 00062F 00062F 0
0 2068 000630 000630 0
0 2069 000631 000631 0
0 2070 000632 000632 0
0 2071 000633 000633 0
0 2072 000634 000634 0
0 2073 000635 000635 0
0 2074 000636 000636 0
0 2075 000637 000637 0
0 2076 000638 000638 0
0 2077 000639 000639 0
0 2078 00063A 00063A 0
0 2079 00063B 00063B 0
0 2080 00063C 00063C 0
0 2081 00063D 00063D 0
0 2082 00063E 00063E 0
0 2083 00063F 00063F 0
0 2084 000640 000640 0
0 2085 000641 000641 0
0 2086 000642 000642 0
0 2087 000643 000643 0
0 2088 000644 000644 0
0 2089 000645 000645 0
0 2090 000646 000646 0
0 2091 000647 000647 0
0 2092 000648 000648 0
0 2093 000649 000649 0
0 2094 00064A 00064A 0
0 2095 00064B 00064B 0
0 2096 00064C 00064C 0
0 2097 00064D 00064D 0
0 2098 00064E 00064E 0
0 2099 00064F 00064F 0
0 2100 000650 000650 0
0 2101 000651 000651 0
0 2102 000652 000652 0
0 2103 000653 000653 0
0 2104 000654 000654 0
0 2105 000655 000655 0
0 2106 000656 000656 0
0 2107 000657 000657 0
0 2108 000658 000658 0
0 2109 000659 000659 0
0 2110 00065A 00065A 0
0 2111 00065B 00065B 0
0 2112 00065C 00065C 0
0 2113 00065D 00065D 0
0 2114 00065E 00065E 0
0 2115 00065F 00065F 0
0 2116 000660 000660 0
0 2117 000661 000661 0
0 2118 000662 000662 0
0 2119 000663 000663 0
0 2120 000664 000664 0
0 2121 000665 000665 0
0 2122 000666 000666 0
0 2123 000667 000667 0
0 2124 000668 000668 0
0 2125 000669 000669 0
0 2126 00066A 00066A 0
0 2127 00066B 00066B 0
0 2128 00066C 00066C 0
0 2129 00066D 00066D 0
0 2130 00066E 00066E 0
0 2131 00066F 00066F 0
0 2132 000670 000670 0
0 2133 000671 000671 0
0 2134 000672 000672 0
0 2135 000673 000673 0
0 2136 000674 000674 0
0 2137 000675 000675 0
0 2138 000676 000676 0
0 2139 000677 000677 0
0 2140 000678 000678 0
0 2141 000679 000679 0
0 2142 00067A 00067A 0
0 2143 00067B 00067B 0
0 2144 00067C 00067C 0
0 2145 00067D 00067D 0
0 2146 00067E 00067E 0
0 2147 00067F 00067F 0
0 2148 000680 000680 0
0 2149 000681 000681 0
0 2150 000682 000682 0
0 2151 000683 000683 0
0 2152 000684 000684 0
0 2153 000685 000685 0
0 2154 000686 000686 0
0 2155 000687 000687 0
0 2156 000688 000688 0
0 2157 000689 000689 0
0 2158 00068A 00068A 0
0 2159 00068B 00068B 0
0 2160 00068C 00068C 0
0 2161 00068D 00068D 0
0 2162 00068E 00068E 0
0 2163 00068F 00068F 0
0 2164 000690 000690 0
0 2165 000691 000691 0
0 2166 000692 000692 0
0 2167 000693 000693 0
0 2168 000694 000694 0
0 2169 000695 000695 0
0 2170 000696 000696 0
0 2171 000697 000697 0
0 2172 000698 000698 0
0 2173 000699 000699 0
0 2174 00069A 00069A 0
0 2175 00069B 00069B 0
0 2176 00069C 00069C 0
0 2177 00069D 00069D 0
0 2178 00069E 00069E 0
0 2179 00069F 00069F 0
0 2180 0006A0 0006A0 0
0 2181 0006A1 0006A1 0
0 2182 0006A2 0006A2 0
0 2183 0006A3 0006A3 0
0 2184 0006A4 0006A4 0
0 2185 0006A5 0006A5 0
0 2186 0006A6 0006A6 0
0 2187 0006A7 0006A7 0
0 2188 0006A8 0006A8 0
0 2189 0006A9 0006A9 0
0 2190 0006AA 0006AA 0
0 2191 0006AB 0006AB 0
0 2192 0006AC 0006AC 0
0 2193 0006AD 0006AD 0
0 2194 0006AE 0006AE 0
0 2195 0006AF 0006AF 0
0 2196 0006B0 0006B0 0
0 2197 0006B1 0006B1 0
0 2198 0006B2 0006B2 0
0 2199 0006B3 0006B3 0
0 2200 0006B4 0006B4 0
0 2201 0006B5 0006B5 0
0 2202 0006B6 0006B6 0
0 2203 0006B7 0006B7 0
0 2204 0006B8 0006B8 0
0 2205 0006B9 0006B9 0
0 2206 0006BA 0006BA 0
0 2207 0006BB 0006BB 0
0 2208 0006BC 0006BC 0
0 2209 0006BD 0006BD 0
0 2210 0006BE 0006BE 0
0 2211 0006BF 0006BF 0
0 2212 0006C0 0006C0 0
0 2213 0006C1 0006C1 0
0 2214 0006C2 0006C2 0
0 2215 0006C3 0006C3 0
0 2216 0006C4 0006C4 0
0 2217 0006C5 0006C5 0
0 2218 0006C6 0006C6 0
0 2219 0006C7 0006C7 0
0 2220 0006C8 0006C8 0
0 2221 0006C9 0006C9 0
0 2222 0006CA 0006CA 0
0 2223 0006CB 0006CB 0
0 2224 0006CC 0006CC 0
0 2225 0006CD 0006CD 0
0 2226 0006CE 0006CE 0
0 2227 0006CF 0006CF 0
0 2228 0006D0 0006D0 0
0 2229 0006D1 0006D1 0
0 2230 0006D2 0006D2 0
0 2231 0006D3 0006D3 0
0 2232 0006D4 0006D4 0
0 2233 0006D5 0006D5 0
0 2234 0006D6 0006D6 0
0 2235 0006D7 0006D7 0
0 2236 0006D8 0006D8 0
0 2237 0006D9 0006D9 0
0 2238 0006DA 0006DA 0
0 2239 0006DB 0006DB 0
0 2240 0006DC 0006DC 0
0 2241 0006DD 0006DD 0
0 2242 0006DE 0006DE 0
0 2243 0006DF 0006DF 0
0 2244 0006E0 0006E0 0
0 2245 0006E1 0006E1 0
0 2246 0006E2 0006E2 0
0 2247 0006E3 0006E3 0
0 2248 0006E4 0006E4 0
0 2249 0006E5 0006E5 0
0 2250 0006E6 0006E6 0
0 2251 0006E7 0006E7 0
0 2252 0006E8 0006E8 0
0 2253 0006E9 0006E9 0
0 2254 0006EA 0006EA 0
0 2255 0006EB 0006EB 0
0 2256 0006EC 0006EC 0
0 2257 0006ED 0006ED 0
0 2258 0006EE 0006EE 0
0 2259 0006EF 0006EF 0
0 2260 0006F0 0006F0 0
0 2261 0006F1 0006F1 0
0 2262 0006F2 0006F2 0
0 2263 0006F3 0006F3 0
0 2264 0006F4 0006F4 0
0 2265 0006F5 0006F5 0
0 2266 0006F6 0006F6 0
0 2267 0006F7 0006F7 0
0 2268 0006F8 0006F8 0
0 2269 0006F9 0006F9 0
0 2270 0006FA 0006FA 0
0 2271 0006FB 0006FB 0
0 2272 0006FC 0006FC 0
0 2273 0006FD 0006FD 0
0 2274 0006FE 0006FE 0
0 2275 0006FF 0006FF 0
0 2276 000700 000700 0
0 2277 000701 000701 0
0 2278 000702 000702 0
0 2279 000703 000703 0
0 2280 000704 000704 0
0 2281 000705 000705 0
0 2282 000706 000706 0
0 2283 000707 000707 0
0 2284 000708 000708 0
0 2285 000709 000709 0
0 2286 00070A 00070A 0
0 2287 00070B 00070B 0
0 2288 00070C 00070C 0
0 2289 00070D 00070D 0
0 2290 00070E 00070E 0
0 2291 00070F 00070F 0
0 2292 000710 000710 0
0 2293 000711 000711 0
0 2294 000712 000712 0
0 2295 000713 000713 0
0 2296 000714 000714 0
0 2297 000715 000715 0
0 2298 000716 000716 0
0 2299 000717 000717 0
0 2300 000718 000718 0
0 2301 000719 000719 0
0 2302 00071A 00071A 0
0 2303 00071B 00071B 0
0 2304 00071C 00071C 0
0 2305 00071D 00071D 0
0 2306 00071E 00071E 0
0 2307 00071F 00071F 0
0 2308 000720 000720 0
0 2309 000721 000721 0
0 2310 000722 000722 0
0 2311 000723 000723 0
0 2312 000724 000724 0
0 2313 000725 000725 0
0 2314 000726 000726 0
0 2315 000727 000727 0
0 2316 000728 000728 0
0 2317 000729 000729 0
0 2318 00072A 00072A 0
0 2319 00072B 00072B 0
0 2320 00072C 00072C 0
0 2321 00072D 00072D 0
0 2322 00072E 00072E 0
0 2323 00072F 00072F 0
0 2324 000730 000730 0
0 2325 000731 000731 0
0 2326 000732 000732 0
0 2327 000733 000733 0
0 2328 000734 000734 0
0 2329 000735 000735 0
0 2330 000736 000736 0
0 2331 000737 000737 0
0 2332 000738 000738 0
0 2333 000739 000739 0
0 2334 00073A 00073A 0
0 2335 00073B 00073B 0
0 2336 00073C 00073C 0
0 2337 00073D 00073D 0
0 2338 00073E 00073E 0
0 2339 00073F 00073F 0
0 2340 000740 000740 0
0 2341 000741 000741 0
0 2342 000742 000742 0
0 2343 000743 000743 0
0 2344 000744 000744 0
0 2345 000745 000745 0
0 2346 000746 000746 0
0 2347 000747 000747 0
0 2348 000748 000748 0
0 2349 000749 000749 0
0 2350 00074A 00074A 0
0 2351 00074B 00074B 0
0 2352 00074C 00074C 0
0 2353 00074D 00074D 0
0 2354 00074E 00074E 0
0 2355 00074F 00074F 0
0 2356 000750 000750 0
0 2357 000751 000751 0
0 2358 000752 000752 0
0 2359 000753 000753 0
0 2360 000754 000754 0
0 2361 000755 000755 0
0 2362 000756 000756 0
0 2363 000757 000757 0
0 2364 000758 000758 0
0 2365 000759 000759 0
0 2366 00075A 00075A 0
0 2367 00075B 00075B 0
0 2371 00075C 00075C 0
0 2372 00075D 00075D 0
0 2373 00075E 00075E 0
0 2374 00075F 00075F 0
0 2375 000760 000760 0
0 2376 000761 000761 0
0 2377 000762 000762 0
0 2378 000763 000763 0
0 2379 000764 000764 0
0 2380 000765 000765 0
0 2381 000766 000766 0
0 2382 000767 000767 0
0 2383 000768 000768 0
0 2384 000769 000769 0
0 2385 00076A 00076A 0
0 2386 00076B 00076B 0
0 2390 00076C 00076C 0
0 2391 00076D 00076D 0
0 2392 00076E 00076E 0
0 2393 00076F 00076F 0
0 2394 000770 000770 0
0 2395 000771 000771 0
0 2396 000772 000772 0
0 2397 000773 000773 0
0 2398 000774 000774 0
0 2399 000775 000775 0
0 2400 000776 000776 0
0 2401 000777 000777 0
0 2402 000778 000778 0
0 2403 000779 000779 0
0 2404 00077A 00077A 0
0 2408 00077B 00077B 0
0 2409 00077C 00077C 0
0 2410 00077D 00077D 0
0 2411 00077E 00077E 0
0 2412 00077F 00077F 0
0 2413 000780 000780 0
0 2414 000781 000781 0
0 2415 000782 000782 0
0 2416 000783 000783 0
0 2417 000784 000784 0
0 2418 000785 000785 0
0 2422 000786 000786 0
0 2423 000787 000787 0
0 2424 000788 000788 0
0 2425 000789 000789 0
0 2426 00078A 00078A 0
0 2427 00078B 00078B 0
0 2428 00078C 00078C 0
0 2429 00078D 00078D 0
0 2430 00078E 00078E 0
0 2434 00078F 00078F 0
0 2435 000790 000790 0
0 2436 000791 000791 0
0 2437 000792 000792 0
0 2438 000793 000793 0
0 2439 000794 000794 0
0 2440 000795 000795 0
0 2441 000796 000796 0
0 2442 000797 000797 0
0 2443 000798 000798 0
0 2444 000799 000799 0
0 2445 00079A 00079A 0
0 2446 00079B 00079B 0
0 2447 00079C 00079C 0
0 2448 00079D 00079D 0
0 2449 00079E 00079E 0
0 2450 00079F 00079F 0
0 2451 0007A0 0007A0 0
0 2452 0007A1 0007A1 0
0 2456 0007A2 0007A2 0
0 2457 0007A3 0007A3 0
0 2458 0007A4 0007A4 0
0 2459 0007A5 0007A5 0
0 2460 0007A6 0007A6 0
0 2461 0007A7 0007A7 0
0 2462 0007A8 0007A8 0
0 2463 0007A9 0007A9 0
0 2464 0007AA 0007AA 0
0 2465 0007AB 0007AB 0
0 2466 0007AC 0007AC 0
0 2467 0007AD 0007AD 0
0 2468 0007AE 0007AE 0
0 2469 0007AF 0007AF 0
0 2470 0007B0 0007B0 0
0 2471 0007B1 0007B1 0
0 2472 0007B2 0007B2 0
0 2473 0007B3 0007B3 0
0 2477 0007B4 0007B4 0
0 2478 0007B5 0007B5 0
0 2479 0007B6 0007B6 0
0 2480 0007B7 0007B7 0
0 2481 0007B8 0007B8 0
0 2482 0007B9 0007B9 0
0 2486 0007BA 0007BA 0
0 2487 0007BB 0007BB 0
0 2488 0007BC 0007BC 0
0 2489 0007BD 0007BD 0
0 2490 0007BE 0007BE 0
0 2491 0007BF 0007BF 0
0 2492 0007C0 0007C0 0
0 2493 0007C1 0007C1 0
0 2494 0007C2 0007C2 0
0 2495 0007C3 0007C3 0
0 2496 0007C4 0007C4 0
0 2497 0007C5 0007C5 0
0 2498 0007C6 0007C6 0
0 2499 0007C7 0007C7 0
0 2503 0007C8 0007C8 0
0 2504 0007C9 0007C9 0
0 2505 0007CA 0007CA 0
0 2506 0007CB 0007CB 0
0 2507 0007CC 0007CC 0
0 2508 0007CD 0007CD 0
0 2509 0007CE 0007CE 0
0 2510 0007CF 0007CF 0
0 2511 0007D0 0007D0 0
0 2515 0007D1 0007D1 0
0 2516 0007D2 0007D2 0
0 2517 0007D3 0007D3 0
0 2521 0007D4 0007D4 0
0 2522 0007D5 0007D5 0
0 2523 0007D6 0007D6 0
0 2524 0007D7 0007D7 0
0 2525 0007D8 0007D8 0
0 2526 0007D9 0007D9 0
0 2527 0007DA 0007DA 0
0 2528 0007DB 0007DB 0
0 2532 0007DC 0007DC 0
0 2533 0007DD 0007DD 0
0 2537 0007DE 0007DE 0
0 2538 0007DF 0007DF 0
0 2539 0007E0 0007E0 0
0 2540 0007E1 0007E1 0
0 2541 0007E2 0007E2 0
0 2542 0007E3 0007E3 0
0 2543 0007E4 0007E4 0
0 2544 0007E5 0007E5 0
0 2548 0007E6 0007E6 0
0 2549 0007E7 0007E7 0
0 2550 0007E8 0007E8 0
0 2554 0007E9 0007E9 0
0 2555 0007EA 0007EA 0
0 2556 0007EB 0007EB 0
0 2557 0007EC 0007EC 0
0 2558 0007ED 0007ED 0
0 2559 0007EE 0007EE 0
0 2560 0007EF 0007EF 0
0 2561 0007F0 0007F0 0
0 2565 0007F1 0007F1 0
0 2566 0007F2 0007F2 0
0 2567 0007F3 0007F3 0
0 2568 0007F4 0007F4 0
0 2572 0007F5 0007F5 0
0 2576 0007F6 0007F6 0
0 2577 0007F7 0007F7 0
0 2578 0007F8 0007F8 0
0 2579 0007F9 0007F9 0
0 2580 0007FA 0007FA 0
0 2581 0007FB 0007FB 0
0 2582 0007FC 0007FC 0
0 2583 0007FD 0007FD 0
0 2584 0007FE 0007FE 0
0 2585 0007FF 0007FF 0
0 2586 000800 000800 0
0 2587 000801 000801 0
0 2588 000802 000802 0
0 2589 000803 000803 0
0 2590 000804 000804 0
0 2591 000805 000805 0
0 2592 000806 000806 0
0 2593 000807 000807 0
0 2594 000808 000808 0
0 2595 000809 000809 0
0 2596 00080A 00080A 0
0 2597 00080B 00080B 0
0 2598 00080C 00080C 0
0 2599 00080D 00080D 0
0 2600 00080E 00080E 0
0 2601 00080F 00080F 0
0 2602 000810 000810 0
0 2603 000811 000811 0
0 2604 000812 000812 0
0 2605 000813 000813 0
0 2606 000814 000814 0
0 2607 000815 000815 0
0 2608 000816 000816 0
0 2609 000817 000817 0
0 2610 000818 000818 0
0 2611 000819 000819 0
0 2612 00081A 00081A 0
0 2613 00081B 00081B 0
0 2614 00081C 00081C 0
0 2615 00081D 00081D 0
0 2616 00081E 00081E 0
0 2617 00081F 00081F 0
0 2621 000B00 000B00 0
0 2622 000B01 000B01 0
0 2623 000B02 000B02 0
0 2624 000B03 000B03 0
0 2625 000B04 000B04 0
0 2626 000B05 000B05 0
0 2627 000B06 000B06 0
0 2628 000B07 000B07 0
0 2629 000B08 000B08 0
0 2630 000B09 000B09 0
0 2631 000B0A 000B0A 0
0 2632 000B0B 000B0B 0
0 2633 000B0C 000B0C 0
0 2634 000B0D 000B0D 0
0 2635 000B0E 000B0E 0
0 2636 000B0F 000B0F 0
0 2640 000B10 000B10 0
0 2641 000B11 000B11 0
0 2642 000B12 000B12 0
0 2643 000B13 000B13 0
0 2644 000B14 000B14 0
0 2645 000B15 000B15 0
0 2646 000B16 000B16 0
0 2647 000B17 000B17 0
0 2648 000B18 000B18 0
0 2649 000B19 000B19 0
0 2650 000B1A 000B1A 0
0 2651 000B1B 000B1B 0
0 2652 000B1C 000B1C 0
0 2653 000B1D 000B1D 0
0 2654 000B1E 000B1E 0
0 2655 000B1F 000B1F 0
0 2656 000B20 000B20 0
0 2657 000B21 000B21 0
0 2658 000B22 000B22 0
0 2659 000B23 000B23 0
0 2660 000B24 000B24 0
0 2661 000B25 000B25 0
0 2665 000B26 000B26 0
0 2666 000B27 000B27 0
0 2667 000B28 000B28 0
0 2668 000B29 000B29 0
0 2669 000B2A 000B2A 0
0 2670 000B2B 000B2B 0
0 2671 000B2C 000B2C 0
0 2675 000B2D 000B2D 0
0 2676 000B2E 000B2E 0
0 2677 000B2F 000B2F 0
0 2681 000B30 000B30 0
0 2682 000B31 000B31 0
0 2686 000B32 000B32 0
0 2687 000B33 000B33 0
0 2688 000B34 000B34 0
0 2689 000B35 000B35 0
0 2690 000B36 000B36 0
0 2691 000B37 000B37 0
0 2692 000B38 000B38 0
0 2693 000B39 000B39 0
0 2694 000B3A 000B3A 0
0 2695 000B3B 000B3B 0
0 2696 000B3C 000B3C 0
0 2697 000B3D 000B3D 0
0 2698 000B3E 000B3E 0
0 2699 000B3F 000B3F 0
0 2700 000B40 000B40 0
0 2701 000B41 000B41 0
0 2702 000B42 000B42 0
0 2703 000B43 000B43 0
0 2704 000B44 000B44 0
0 2705 000B45 000B45 0
0 2706 000B46 000B46 0
0 2707 000B47 000B47 0
0 2708 000B48 000B48 0
0 2709 000B49 000B49 0
0 2710 000B4A 000B4A 0
0 2711 000B4B 000B4B 0
0 2715 000B4C 000B4C 0
0 2716 000B4D 000B4D 0
0 2717 000B4E 000B4E 0
0 2718 000B4F 000B4F 0
0 2719 000B50 000B50 0
0 2720 000B51 000B51 0
0 2721 000B52 000B52 0
0 2725 000B53 000B53 0
0 2726 000B54 000B54 0
0 2730 000B55 000B55 0
0 2731 000B56 000B56 0
0 2732 000B57 000B57 0
0 2733 000B58 000B58 0
0 2734 000B59 000B59 0
0 2735 000B5A 000B5A 0
0 2736 000B5B 000B5B 0
0 2740 000B5C 000B5C 0
0 2741 000B5D 000B5D 0
0 2742 000B5E 000B5E 0
0 2743 000B5F 000B5F 0
0 2744 000B60 000B60 0
0 2745 000B61 000B61 0
0 2746 000B62 000B62 0
0 2747 000B63 000B63 0
0 2751 000B64 000B64 0
0 2755 000B65 000B65 0
0 2756 000B66 000B66 0
0 2757 000B67 000B67 0
0 2761 000B68 000B68 0
0 2762 000B69 000B69 0
0 2763 000B6A 000B6A 0
0 2767 000B6B 000B6B 0
0 2768 000B6C 000B6C 0
0 2772 000B6D 000B6D 0
0 2773 000B6E 000B6E 0
0 2774 000B6F 000B6F 0
0 2775 000B70 000B70 0
0 2776 000B71 000B71 0
0 2777 000B72 000B72 0
0 2778 000B73 000B73 0
0 2779 000B74 000B74 0
0 2780 000B75 000B75 0
0 2781 000B76 000B76 0
0 2782 000B77 000B77 0
0 2783 000B78 000B78 0
0 2787 000B79 000B79 0
0 2788 000B7A 000B7A 0
0 2789 000B7B 000B7B 0
0 2790 000B7C 000B7C 0
0 2791 000B7D 000B7D 0
0 2792 000B7E 000B7E 0
0 2793 000B7F 000B7F 0
0 2794 000B80 000B80 0
0 2795 000B81 000B81 0
0 2796 000B82 000B82 0
0 2797 000B83 000B83 0
0 2798 000B84 000B84 0
0 2799 000B85 000B85 0
0 2803 000B86 000B86 0
0 2804 000B87 000B87 0
0 2805 000B88 000B88 0
0 2806 000B89 000B89 0
0 2807 000B8A 000B8A 0
0 2808 000B8B 000B8B 0
0 2809 000B8C 000B8C 0
0 2810 000B8D 000B8D 0
0 2811 000B8E 000B8E 0
0 2812 000B8F 000B8F 0
0 2813 000B90 000B90 0
0 2814 000B91 000B91 0
0 2815 000B92 000B92 0
0 2816 000B93 000B93 0
0 2817 000B94 000B94 0
0 2818 000B95 000B95 0
0 2819 000B96 000B96 0
0 2820 000B97 000B97 0
0 2821 000B98 000B98 0
0 2822 000B99 000B99 0
0 2826 000B9A 000B9A 0
0 2827 000B9B 000B9B 0
0 2828 000B9C 000B9C 0
0 2829 000B9D 000B9D 0
0 2830 000B9E 000B9E 0
0 2831 000B9F 000B9F 0
0 2832 000BA0 000BA0 0
0 2833 000BA1 000BA1 0
0 2837 000BA2 000BA2 0
0 2838 000BA3 000BA3 0
0 2839 000BA4 000BA4 0
0 2840 000BA5 000BA5 0
0 2841 000BA6 000BA6 0
0 2842 000BA7 000BA7 0
0 2843 000BA8 000BA8 0
0 2844 000BA9 000BA9 0
0 2845 000BAA 000BAA 0
0 2846 000BAB 000BAB 0
0 2847 000BAC 000BAC 0
0 2848 000BAD 000BAD 0
0 2849 000BAE 000BAE 0
0 2850 000BAF 000BAF 0
0 2851 000BB0 000BB0 0
0 2855 000BB1 000BB1 0
0 2856 000BB2 000BB2 0
0 2857 000BB3 000BB3 0
0 2858 000BB4 000BB4 0
0 2859 000BB5 000BB5 0
0 2860 000BB6 000BB6 0
0 2861 000BB7 000BB7 0
0 2862 000BB8 000BB8 0
0 2863 000BB9 000BB9 0
0 2864 000BBA 000BBA 0
0 2865 000BBB 000BBB 0
0 2866 000BBC 000BBC 0
0 2867 000BBD 000BBD 0
0 2868 000BBE 000BBE 0
0 2869 000BBF 000BBF 0
0 2870 000BC0 000BC0 0
0 2871 000BC1 000BC1 0
0 2872 000BC2 000BC2 0
0 2873 000BC3 000BC3 0
0 2874 000BC4 000BC4 0
0 2875 000BC5 000BC5 0
0 2879 000BC6 000BC6 0
0 2880 000BC7 000BC7 0
0 2881 000BC8 000BC8 0
0 2882 000BC9 000BC9 0
0 2883 000BCA 000BCA 0
0 2884 000BCB 000BCB 0
0 2885 000BCC 000BCC 0
0 2886 000BCD 000BCD 0
0 2887 000BCE 000BCE 0
0 2888 000BCF 000BCF 0
0 2889 000BD0 000BD0 0
0 2890 000BD1 000BD1 0
0 2894 000BD2 000BD2 0
0 2895 000BD3 000BD3 0
0 2896 000BD4 000BD4 0
0 2897 000BD5 000BD5 0
0 2898 000BD6 000BD6 0
0 2902 000BD7 000BD7 0
0 2903 000BD8 000BD8 0
0 2904 000BD9 000BD9 0
0 2905 000BDA 000BDA 0
0 2909 000BDB 000BDB 0
0 2910 000BDC 000BDC 0
0 2911 000BDD 000BDD 0
0 2912 000BDE 000BDE 0
0 2913 000BDF 000BDF 0
0 2914 000BE0 000BE0 0
0 2915 000BE1 000BE1 0
0 2916 000BE2 000BE2 0
0 2917 000BE3 000BE3 0
0 2918 000BE4 000BE4 0
0 2919 000BE5 000BE5 0
0 2920 000BE6 000BE6 0
0 2921 000BE7 000BE7 0
0 2922 000BE8 000BE8 0
0 2923 000BE9 000BE9 0
0 2924 000BEA 000BEA 0
0 2925 000BEB 000BEB 0
0 2926 000BEC 000BEC 0
0 2927 000BED 000BED 0
0 2928 000BEE 000BEE 0
0 2929 000BEF 000BEF 0
0 2930 000BF0 000BF0 0
0 2931 000BF1 000BF1 0
0 2932 000BF2 000BF2 0
0 2933 000BF3 000BF3 0
0 2934 000BF4 000BF4 0
0 2935 000BF5 000BF5 0
0 2936 000BF6 000BF6 0
0 2940 000BF7 000BF7 0
0 2941 000BF8 000BF8 0
0 2942 000BF9 000BF9 0
0 2943 000BFA 000BFA 0
0 2944 000BFB 000BFB 0
0 2945 000BFC 000BFC 0
0 2946 000BFD 000BFD 0
0 2947 000BFE 000BFE 0
0 2948 000BFF 000BFF 0
0 2949 000C00 000C00 0
0 2950 000C01 000C01 0
0 2951 000C02 000C02 0
0 2952 000C03 000C03 0
0 2953 000C04 000C04 0
0 2954 000C05 000C05 0
0 2955 000C06 000C06 0
0 2959 000C07 000C07 0
0 2960 000C08 000C08 0
0 2961 000C09 000C09 0
0 2965 000C0A 000C0A 0
0 2966 000C0B 000C0B 0
0 2967 000C0C 000C0C 0
0 2968 000C0D 000C0D 0
0 2969 000C0E 000C0E 0
0 2970 000C0F 000C0F 0
0 2974 000C10 000C10 0
0 2975 000C11 000C11 0
0 2976 000C12 000C12 0
0 2977 000C13 000C13 0
0 2978 000C14 000C14 0
0 2979 000C15 000C15 0
0 2980 000C16 000C16 0
0 2981 000C17 000C17 0
0 2982 000C18 000C18 0
0 2983 000C19 000C19 0
0 2984 000C1A 000C1A 0
0 2985 000C1B 000C1B 0
0 2989 000C1C 000C1C 0
0 2990 000C1D 000C1D 0
0 2991 000C1E 000C1E 0
0 2992 000C1F 000C1F 0
0 2993 000C20 000C20 0
0 2994 000C21 000C21 0
0 2995 000C22 000C22 0
0 2996 000C23 000C23 0
0 2997 000C24 000C24 0
0 2998 000C25 000C25 0
0 2999 000C26 000C26 0
0 3000 000C27 000C27 0
0 3001 000C28 000C28 0
0 3002 000C29 000C29 0
0 3003 000C2A 000C2A 0
0 3004 000C2B 000C2B 0
0 3005 000C2C 000C2C 0
0 3006 000C2D 000C2D 0
0 3007 000C2E 000C2E 0
0 3011 000C2F 000C2F 0
0 3012 000C30 000C30 0
0 3016 000C31 000C31 0
0 3017 000C32 000C32 0
0 3018 000C33 000C33 0
0 3019 000C34 000C34 0
0 3020 000C35 000C35 0
0 3021 000C36 000C36 0
0 3022 000C37 000C37 0
0 3023 000C38 000C38 0
0 3024 000C39 000C39 0
0 3025 000C3A 000C3A 0
0 3026 000C3B 000C3B 0
0 3027 000C3C 000C3C 0
0 3028 000C3D 000C3D 0
0 3029 000C3E 000C3E 0
0 3030 000C3F 000C3F 0
0 3034 000C40 000C40 0
0 3035 000C41 000C41 0
0 3036 000C42 000C42 0
0 3037 000C43 000C43 0
0 3038 000C44 000C44 0
0 3039 000C45 000C45 0
0 3040 000C46 000C46 0
0 3041 000C47 000C47 0
0 3042 000C48 000C48 0
0 3043 000C49 000C49 0
0 3044 000C4A 000C4A 0
0 3045 000C4B 000C4B 0
0 3046 000C4C 000C4C 0
0 3047 000C4D 000C4D 0
0 3048 000C4E 000C4E 0
0 3049 000C4F 000C4F 0
0 3050 000C50 000C50 0
0 3051 000C51 000C51 0
0 3052 000C52 000C52 0
0 3053 000C53 000C53 0
0 3054 000C54 000C54 0
0 3055 000C55 000C55 0
0 3056 000C56 000C56 0
0 3057 000C57 000C57 0
0 3058 000C58 000C58 0
0 3059 000C59 000C59 0
0 3063 000C5A 000C5A 0
0 3064 000C5B 000C5B 0
0 3065 000C5C 000C5C 0
0 3066 000C5D 000C5D 0
0 3067 000C5E 000C5E 0
0 3068 000C5F 000C5F 0
0 3069 000C60 000C60 0
0 3070 000C61 000C61 0
0 3071 000C62 000C62 0
0 3072 000C63 000C63 0
0 3073 000C64 000C64 0
0 3074 000C65 000C65 0
0 3075 000C66 000C66 0
0 3076 000C67 000C67 0
0 3077 000C68 000C68 0
0 3078 000C69 000C69 0
0 3079 000C6A 000C6A 0
0 3083 000C6B 000C6B 0
0 3084 000C6C 000C6C 0
0 3085 000C6D 000C6D 0
0 3086 000C6E 000C6E 0
0 3087 000C6F 000C6F 0
0 3088 000C70 000C70 0
0 3089 000C71 000C71 0
0 3090 000C72 000C72 0
0 3091 000C73 000C73 0
0 3092 000C74 000C74 0
0 3093 000C75 000C75 0
0 3094 000C76 000C76 0
0 3095 000C77 000C77 0
0 3096 000C78 000C78 0
0 3097 000C79 000C79 0
0 3098 000C7A 000C7A 0
0 3099 000C7B 000C7B 0
0 3100 000C7C 000C7C 0
0 3101 000C7D 000C7D 0
0 3102 000C7E 000C7E 0
0 3103 000C7F 000C7F 0
0 3104 000C80 000C80 0
0 3105 000C81 000C81 0
0 3106 000C82 000C82 0
0 3107 000C83 000C83 0
0 3108 000C84 000C84 0
0 3109 000C85 000C85 0
0 3110 000C86 000C86 0
0 3111 000C87 000C87 0
0 3112 000C88 000C88 0
0 3113 000C89 000C89 0
0 3114 000C8A 000C8A 0
0 3115 000C8B 000C8B 0
0 3116 000C8C 000C8C 0
0 3117 000C8D 000C8D 0
0 3118 000C8E 000C8E 0
0 3119 000C8F 000C8F 0
0 3120 000C90 000C90 0
0 3121 000C91 000C91 0
0 3125 000C92 000C92 0
0 3126 000C93 000C93 0
0 3127 000C94 000C94 0
0 3128 000C95 000C95 0
0 3129 000C96 000C96 0
0 3130 000C97 000C97 0
0 3131 000C98 000C98 0
0 3132 000C99 000C99 0
0 3133 000C9A 000C9A 0
0 3134 000C9B 000C9B 0
0 3135 000C9C 000C9C 0
0 3136 000C9D 000C9D 0
0 3137 000C9E 000C9E 0
0 3138 000C9F 000C9F 0
0 3139 000CA0 000CA0 0
0 3140 000CA1 000CA1 0
0 3141 000CA2 000CA2 0
0 3142 000CA3 000CA3 0
0 3143 000CA4 000CA4 0
0 3144 000CA5 000CA5 0
0 3145 000CA6 000CA6 0
0 3146 000CA7 000CA7 0
0 3147 000CA8 000CA8 0
0 3148 000CA9 000CA9 0
0 3149 000CAA 000CAA 0
0 3150 000CAB 000CAB 0
0 3151 000CAC 000CAC 0
0 3155 000CAD 000CAD 0
0 3156 000CAE 000CAE 0
0 3157 000CAF 000CAF 0
0 3158 000CB0 000CB0 0
0 3159 000CB1 000CB1 0
0 3160 000CB2 000CB2 0
0 3161 000CB3 000CB3 0
0 3162 000CB4 000CB4 0
0 3163 000CB5 000CB5 0
0 3164 000CB6 000CB6 0
0 3165 000CB7 000CB7 0
0 3166 000CB8 000CB8 0
0 3167 000CB9 000CB9 0
0 3168 000CBA 000CBA 0
0 3169 000CBB 000CBB 0
0 3170 000CBC 000CBC 0
0 3171 000CBD 000CBD 0
0 3172 000CBE 000CBE 0
0 3173 000CBF 000CBF 0
0 3174 000CC0 000CC0 0
0 3175 000CC1 000CC1 0
0 3176 000CC2 000CC2 0
0 3177 000CC3 000CC3 0
0 3178 000CC4 000CC4 0
0 3179 000CC5 000CC5 0
0 3180 000CC6 000CC6 0
0 3181 000CC7 000CC7 0
0 3182 000CC8 000CC8 0
0 3183 000CC9 000CC9 0
0 3187 000CCA 000CCA 0
0 3188 000CCB 000CCB 0
0 3189 000CCC 000CCC 0
0 3190 000CCD 000CCD 0
0 3191 000CCE 000CCE 0
0 3192 000CCF 000CCF 0
0 3193 000CD0 000CD0 0
0 3194 000CD1 000CD1 0
0 3195 000CD2 000CD2 0
0 3196 000CD3 000CD3 0
0 3197 000CD4 000CD4 0
0 3198 000CD5 000CD5 0
0 3199 000CD6 000CD6 0
0 3200 000CD7 000CD7 0
0 3201 000CD8 000CD8 0
0 3202 000CD9 000CD9 0
0 3203 000CDA 000CDA 0
0 3204 000CDB 000CDB 0
0 3205 000CDC 000CDC 0
0 3206 000CDD 000CDD 0
0 3207 000CDE 000CDE 0
0 3208 000CDF 000CDF 0
0 3209 000CE0 000CE0 0
0 3210 000CE1 000CE1 0
0 3211 000CE2 000CE2 0
0 3212 000CE3 000CE3 0
0 3213 000CE4 000CE4 0
0 3214 000CE5 000CE5 0
0 3215 000CE6 000CE6 0
0 3216 000CE7 000CE7 0
0 3217 000CE8 000CE8 0
0 3218 000CE9 000CE9 0
0 3219 000CEA 000CEA 0
0 3220 000CEB 000CEB 0
0 3221 000CEC 000CEC 0
0 3222 000CED 000CED 0
0 3223 000CEE 000CEE 0
0 3224 000CEF 000CEF 0
0 3225 000CF0 000CF0 0
0 3226 000CF1 000CF1 0
0 3227 000CF2 000CF2 0
0 3228 000CF3 000CF3 0
0 3229 000CF4 000CF4 0
0 3230 000CF5 000CF5 0
0 3231 000CF6 000CF6 0
0 3232 000CF7 000CF7 0
0 3233 000CF8 000CF8 0
0 3234 000CF9 000CF9 0
0 3235 000CFA 000CFA 0
0 3236 000CFB 000CFB 0
0 3240 000CFC 000CFC 0
0 3241 000CFD 000CFD 0
0 3242 000CFE 000CFE 0
0 3243 000CFF 000CFF 0
0 3244 000D00 000D00 0
0 3245 000D01 000D01 0
0 3246 000D02 000D02 0
0 3247 000D03 000D03 0
0 3248 000D04 000D04 0
0 3249 000D05 000D05 0
0 3250 000D06 000D06 0
0 3254 000D07 000D07 0
0 3255 000D08 000D08 0
0 3256 000D09 000D09 0
0 3257 000D0A 000D0A 0
0 3258 000D0B 000D0B 0
0 3259 000D0C 000D0C 0
0 3260 000D0D 000D0D 0
0 3261 000D0E 000D0E 0
0 3262 000D0F 000D0F 0
0 3263 000D10 000D10 0
0 3264 000D11 000D11 0
0 3265 000D12 000D12 0
0 3266 000D13 000D13 0
0 3267 000D14 000D14 0
0 3268 000D15 000D15 0
0 3269 000D16 000D16 0
0 3270 000D17 000D17 0
0 3271 000D18 000D18 0
0 3272 000D19 000D19 0
0 3273 000D1A 000D1A 0
0 3274 000D1B 000D1B 0
0 3275 000D1C 000D1C 0
0 3276 000D1D 000D1D 0
0 3277 000D1E 000D1E 0
0 3278 000D1F 000D1F 0
0 3279 000D20 000D20 0
0 3280 000D21 000D21 0
0 3281 000D22 000D22 0
0 3282 000D23 000D23 0
0 3283 000D24 000D24 0
0 3287 000D25 000D25 0
0 3288 000D26 000D26 0
0 3289 000D27 000D27 0
0 3290 000D28 000D28 0
0 3291 000D29 000D29 0
0 3292 000D2A 000D2A 0
0 3293 000D2B 000D2B 0
0 3294 000D2C 000D2C 0
0 3295 000D2D 000D2D 0
0 3296 000D2E 000D2E 0
0 3297 000D2F 000D2F 0
0 3298 000D30 000D30 0
0 3299 000D31 000D31 0
0 3300 000D32 000D32 0
0 3301 000D33 000D33 0
0 3302 000D34 000D34 0
0 3303 000D35 000D35 0
0 3304 000D36 000D36 0
0 3305 000D37 000D37 0
0 3306 000D38 000D38 0
0 3307 000D39 000D39 0
0 3308 000D3A 000D3A 0
0 3309 000D3B 000D3B 0
0 3310 000D3C 000D3C 0
0 3311 000D3D 000D3D 0
0 3312 000D3E 000D3E 0
0 3313 000D3F 000D3F 0
0 3314 000D40 000D40 0
0 3315 000D41 000D41 0
0 3316 000D42 000D42 0
0 3317 000D43 000D43 0
0 3318 000D44 000D44 0
0 3319 000D45 000D45 0
0 3320 000D46 000D46 0
0 3321 000D47 000D47 0
0 3322 000D48 000D48 0
0 3323 000D49 000D49 0
0 3324 000D4A 000D4A 0
0 3325 000D4B 000D4B 0
0 3326 000D4C 000D4C 0
0 3327 000D4D 000D4D 0
0 3328 000D4E 000D4E 0
0 3329 000D4F 000D4F 0
0 3330 000D50 000D50 0
0 3331 000D51 000D51 0
0 3332 000D52 000D52 0
0 3333 000D53 000D53 0
0 3334 000D54 000D54 0
0 3335 000D55 000D55 0
0 3336 000D56 000D56 0
0 3337 000D57 000D57 0
0 3341 000D58 000D58 0
0 3345 000D59 000D59 0
0 3346 000D5A 000D5A 0
0 3347 000D5B 000D5B 0
0 3348 000D5C 000D5C 0
0 3349 000D5D 000D5D 0
0 3350 000D5E 000D5E 0
0 3351 000D5F 000D5F 0
0 3352 000D60 000D60 0
0 3353 000D61 000D61 0
0 3354 000D62 000D62 0
0 3355 000D63 000D63 0
0 3356 000D64 000D64 0
0 3357 000D65 000D65 0
0 3358 000D66 000D66 0
0 3359 000D67 000D67 0
0 3360 000D68 000D68 0
0 3361 000D69 000D69 0
0 3362 000D6A 000D6A 0
0 3363 000D6B 000D6B 0
0 3364 000D6C 000D6C 0
0 3365 000D6D 000D6D 0
0 3366 000D6E 000D6E 0
0 3367 000D6F 000D6F 0
0 3368 000D70 000D70 0
0 3369 000D71 000D71 0
0 3373 000D72 000D72 0
0 3374 000D73 000D73 0
0 3375 000D74 000D74 0
0 3376 000D75 000D75 0
0 3377 000D76 000D76 0
0 3378 000D77 000D77 0
0 3379 000D78 000D78 0
0 3380 000D79 000D79 0
0 3381 000D7A 000D7A 0
0 3382 000D7B 000D7B 0
0 3383 000D7C 000D7C 0
0 3384 000D7D 000D7D 0
0 3385 000D7E 000D7E 0
0 3386 000D7F 000D7F 0
0 3387 000D80 000D80 0
0 3388 000D81 000D81 0
0 3389 000D82 000D82 0
0 3390 000D83 000D83 0
0 3394 000D84 000D84 0
0 3395 000D85 000D85 0
0 3396 000D86 000D86 0
0 3397 000D87 000D87 0
0 3398 000D88 000D88 0
0 3399 000D89 000D89 0
0 3403 000D8A 000D8A 0
0 3404 000D8B 000D8B 0
0 3405 000D8C 000D8C 0
0 3409 000D8D 000D8D 0
0 3410 000D8E 000D8E 0
0 3411 000D8F 000D8F 0
0 3412 000D90 000D90 0
0 3413 000D91 000D91 0
0 3414 000D92 000D92 0
0 3415 000D93 000D93 0
0 3419 000D94 000D94 0
0 3420 000D95 000D95 0
0 3421 000D96 000D96 0
0 3422 000D97 000D97 0
0 3423 000D98 000D98 0
0 3427 000D99 000D99 0
0 3428 000D9A 000D9A 0
0 3429 000D9B 000D9B 0
0 3433 000D9C 000D9C 0
0 3434 000D9D 000D9D 0
0 3435 000D9E 000D9E 0
0 3436 000D9F 000D9F 0
0 3437 000DA0 000DA0 0
0 3438 000DA1 000DA1 0
0 3442 000DA2 000DA2 0
0 3443 000DA3 000DA3 0
0 3444 000DA4 000DA4 0
0 3445 000DA5 000DA5 0
0 3449 000DA6 000DA6 0
0 3450 000DA7 000DA7 0
0 3451 000DA8 000DA8 0
0 3452 000DA9 000DA9 0
0 3453 000DAA 000DAA 0
0 3454 000DAB 000DAB 0
0 3455 000DAC 000DAC 0
0 3456 000DAD 000DAD 0
0 3457 000DAE 000DAE 0
0 3461 000DAF 000DAF 0
0 3462 000DB0 000DB0 0
0 3463 000DB1 000DB1 0
0 3464 000DB2 000DB2 0
0 3465 000DB3 000DB3 0
0 3466 000DB4 000DB4 0
0 3467 000DB5 000DB5 0
0 3468 000DB6 000DB6 0
0 3469 000DB7 000DB7 0
0 3470 000DB8 000DB8 0
0 3471 000DB9 000DB9 0
0 3472 000DBA 000DBA 0
0 3473 000DBB 000DBB 0
0 3474 000DBC 000DBC 0
0 3475 000DBD 000DBD 0
0 3479 000DBE 000DBE 0
0 3480 000DBF 000DBF 0
0 3481 000DC0 000DC0 0
0 3482 000DC1 000DC1 0
0 3483 000DC2 000DC2 0
0 3484 000DC3 000DC3 0
0 3485 000DC4 000DC4 0
0 3486 000DC5 000DC5 0
0 3487 000DC6 000DC6 0
0 3488 000DC7 000DC7 0
0 3489 000DC8 000DC8 0
0 3490 000DC9 000DC9 0
0 3491 000DCA 000DCA 0
0 3492 000DCB 000DCB 0
0 3496 000DCC 000DCC 0
0 3497 000DCD 000DCD 0
0 3498 000DCE 000DCE 0
0 3499 000DCF 000DCF 0
0 3500 000DD0 000DD0 0
0 3501 000DD1 000DD1 0
0 3502 000DD2 000DD2 0
0 3503 000DD3 000DD3 0
0 3504 000DD4 000DD4 0
0 3505 000DD5 000DD5 0
0 3506 000DD6 000DD6 0
0 3507 000DD7 000DD7 0
0 3508 000DD8 000DD8 0
0 3509 000DD9 000DD9 0
0 3510 000DDA 000DDA 0
0 3511 000DDB 000DDB 0
0 3512 000DDC 000DDC 0
0 3513 000DDD 000DDD 0
0 3514 000DDE 000DDE 0
0 3515 000DDF 000DDF 0
0 3516 000DE0 000DE0 0
0 3517 000DE1 000DE1 0
0 3518 000DE2 000DE2 0
0 3519 000DE3 000DE3 0
0 3520 000DE4 000DE4 0
0 3521 000DE5 000DE5 0
0 3522 000DE6 000DE6 0
0 3523 000DE7 000DE7 0
0 3527 000DE8 000DE8 0
0 3528 000DE9 000DE9 0
0 3532 000DEA 000DEA 0
0 3533 000DEB 000DEB 0
0 3534 000DEC 000DEC 0
0 3535 000DED 000DED 0
0 3539 000DEE 000DEE 0
0 3540 000DEF 000DEF 0
0 3544 000DF0 000DF0 0
0 3545 000DF1 000DF1 0
0 3546 000DF2 000DF2 0
0 3547 000DF3 000DF3 0
0 3548 000DF4 000DF4 0
0 3549 000DF5 000DF5 0
0 3550 000DF6 000DF6 0
0 3551 000DF7 000DF7 0
0 3552 000DF8 000DF8 0
0 3553 000DF9 000DF9 0
0 3554 000DFA 000DFA 0
0 3555 000DFB 000DFB 0
0 3559 000DFC 000DFC 0
0 3560 000DFD 000DFD 0
0 3561 000DFE 000DFE 0
0 3565 000DFF 000DFF 0
0 3566 000E00 000E00 0
0 3567 000E01 000E01 0
0 3568 000E02 000E02 0
0 3569 000E03 000E03 0
0 3570 000E04 000E04 0
0 3574 000E05 000E05 0
0 3575 000E06 000E06 0
0 3576 000E07 000E07 0
0 3577 000E08 000E08 0
0 3578 000E09 000E09 0
0 3579 000E0A 000E0A 0
0 3580 000E0B 000E0B 0
0 3581 000E0C 000E0C 0
0 3582 000E0D 000E0D 0
0 3583 000E0E 000E0E 0
0 3584 000E0F 000E0F 0
0 3585 000E10 000E10 0
0 3589 000E11 000E11 0
0 3590 000E12 000E12 0
0 3591 000E13 000E13 0
0 3592 000E14 000E14 0
0 3593 000E15 000E15 0
0 3594 000E16 000E16 0
0 3595 000E17 000E17 0
0 3596 000E18 000E18 0
0 3597 000E19 000E19 0
0 3598 000E1A 000E1A 0
0 3599 000E1B 000E1B 0
0 3600 000E1C 000E1C 0
0 3601 000E1D 000E1D 0
0 3602 000E1E 000E1E 0
0 3603 000E1F 000E1F 0
0 3604 000E20 000E20 0
0 3605 000E21 000E21 0
0 3606 000E22 000E22 0
0 3607 000E23 000E23 0
0 3608 000E24 000E24 0
0 3609 000E25 000E25 0
0 3610 000E26 000E26 0
0 3614 000E27 000E27 0
0 3615 000E28 000E28 0
0 3616 000E29 000E29 0
0 3617 000E2A 000E2A 0
0 3618 000E2B 000E2B 0
0 3619 000E2C 000E2C 0
0 3623 000E2D 000E2D 0
0 3624 000E2E 000E2E 0
0 3628 000E2F 000E2F 0
0 3629 000E30 000E30 0
0 3630 000E31 000E31 0
0 3631 000E32 000E32 0
0 3632 000E33 000E33 0
0 3633 000E34 000E34 0
0 3634 000E35 000E35 0
0 3635 000E36 000E36 0
0 3636 000E37 000E37 0
0 3637 000E38 000E38 0
0 3638 000E39 000E39 0
0 3642 000E3A 000E3A 0
0 3643 000E3B 000E3B 0
0 3644 000E3C 000E3C 0
0 3645 000E3D 000E3D 0
0 3646 000E3E 000E3E 0
0 3647 000E3F 000E3F 0
0 3648 000E40 000E40 0
0 3649 000E41 000E41 0
0 3650 000E42 000E42 0
0 3651 000E43 000E43 0
0 3652 000E44 000E44 0
0 3653 000E45 000E45 0
0 3654 000E46 000E46 0
0 3655 000E47 000E47 0
0 3656 000E48 000E48 0
0 3657 000E49 000E49 0
0 3658 000E4A 000E4A 0
0 3659 000E4B 000E4B 0
0 3660 000E4C 000E4C 0
0 3661 000E4D 000E4D 0
0 3665 000E4E 000E4E 0
0 3666 000E4F 000E4F 0
0 3670 000E50 000E50 0
0 3671 000E51 000E51 0
0 3672 000E52 000E52 0
0 3673 000E53 000E53 0
0 3674 000E54 000E54 0
0 3675 000E55 000E55 0
0 3676 000E56 000E56 0
0 3677 000E57 000E57 0
0 3678 000E58 000E58 0
0 3679 000E59 000E59 0
0 3680 000E5A 000E5A 0
0 3681 000E5B 000E5B 0
0 3682 000E5C 000E5C 0
0 3683 000E5D 000E5D 0
0 3684 000E5E 000E5E 0
0 3688 000E5F 000E5F 0
0 3689 000E60 000E60 0
0 3690 000E61 000E61 0
0 3691 000E62 000E62 0
0 3692 000E63 000E63 0
0 3693 000E64 000E64 0
0 3694 000E65 000E65 0
0 3698 000E66 000E66 0
0 3699 000E67 000E67 0
0 3700 000E68 000E68 0
0 3701 000E69 000E69 0
0 3702 000E6A 000E6A 0
0 3703 000E6B 000E6B 0
0 3704 000E6C 000E6C 0
0 3705 000E6D 000E6D 0
0 3709 000E6E 000E6E 0
0 3713 000E6F 000E6F 0
0 3714 000E70 000E70 0
0 3718 000E71 000E71 0
0 3719 000E72 000E72 0
0 3720 000E73 000E73 0
0 3721 000E74 000E74 0
0 3722 000E75 000E75 0
0 3723 000E76 000E76 0
0 3724 000E77 000E77 0
0 3725 000E78 000E78 0
0 3726 000E79 000E79 0
0 3727 000E7A 000E7A 0
0 3728 000E7B 000E7B 0
0 3729 000E7C 000E7C 0
0 3730 000E7D 000E7D 0
0 3731 000E7E 000E7E 0
0 3732 000E7F 000E7F 0
0 3733 000E80 000E80 0
0 3734 000E81 000E81 0
0 3738 000E82 000E82 0
0 3739 000E83 000E83 0
0 3740 000E84 000E84 0
0 3741 000E85 000E85 0
0 3742 000E86 000E86 0
0 3743 000E87 000E87 0
0 3744 000E88 000E88 0
0 3745 000E89 000E89 0
0 3746 000E8A 000E8A 0
0 3747 000E8B 000E8B 0
0 3748 000E8C 000E8C 0
0 3752 000E8D 000E8D 0
0 3753 000E8E 000E8E 0
0 3754 000E8F 000E8F 0
0 3755 000E90 000E90 0
0 3756 000E91 000E91 0
0 3757 000E92 000E92 0
0 3758 000E93 000E93 0
0 3759 000E94 000E94 0
0 3760 000E95 000E95 0
0 3761 000E96 000E96 0
0 3762 000E97 000E97 0
0 3763 000E98 000E98 0
0 3764 000E99 000E99 0
0 3765 000E9A 000E9A 0
0 3766 000E9B 000E9B 0
0 3767 000E9C 000E9C 0
0 3768 000E9D 000E9D 0
0 3769 000E9E 000E9E 0
0 3770 000E9F 000E9F 0
0 3771 000EA0 000EA0 0
0 3775 000EA1 000EA1 0
0 3776 000EA2 000EA2 0
0 3777 000EA3 000EA3 0
0 3778 000EA4 000EA4 0
0 3782 000EA5 000EA5 0
0 3783 000EA6 000EA6 0
0 3784 000EA7 000EA7 0
0 3788 000EA8 000EA8 0
0 3789 000EA9 000EA9 0
0 3790 000EAA 000EAA 0
0 3791 000EAB 000EAB 0
0 3792 000EAC 000EAC 0
0 3796 000EAD 000EAD 0
0 3797 000EAE 000EAE 0
0 3798 000EAF 000EAF 0
0 3799 000EB0 000EB0 0
0 3800 000EB1 000EB1 0
0 3801 000EB2 000EB2 0
0 3802 000EB3 000EB3 0
0 3806 000EB4 000EB4 0
0 3807 000EB5 000EB5 0
0 3808 000EB6 000EB6 0
0 3809 000EB7 000EB7 0
0 3810 000EB8 000EB8 0
0 3811 000EB9 000EB9 0
0 3815 000EBA 000EBA 0
0 3816 000EBB 000EBB 0
0 3817 000EBC 000EBC 0
0 3818 000EBD 000EBD 0
0 3819 000EBE 000EBE 0
0 3820 000EBF 000EBF 0
0 3821 000EC0 000EC0 0
0 3822 000EC1 000EC1 0
0 3823 000EC2 000EC2 0
0 3824 000EC3 000EC3 0
0 3825 000EC4 000EC4 0
0 3826 000EC5 000EC5 0
0 3827 000EC6 000EC6 0
0 3828 000EC7 000EC7 0
0 3829 000EC8 000EC8 0
0 3830 000EC9 000EC9 0
0 3831 000ECA 000ECA 0
0 3832 000ECB 000ECB 0
0 3833 000ECC 000ECC 0
0 3834 000ECD 000ECD 0
0 3835 000ECE 000ECE 0
0 3836 000ECF 000ECF 0
0 3837 000ED0 000ED0 0
0 3838 000ED1 000ED1 0
0 3839 000ED2 000ED2 0
0 3840 000ED3 000ED3 0
0 3841 000ED4 000ED4 0
0 3842 000ED5 000ED5 0
0 3843 000ED6 000ED6 0
0 3844 000ED7 000ED7 0
0 3845 000ED8 000ED8 0
0 3846 000ED9 000ED9 0
0 3847 000EDA 000EDA 0
0 3848 000EDB 000EDB 0
0 3849 000EDC 000EDC 0
0 3850 000EDD 000EDD 0
0 3851 000EDE 000EDE 0
0 3852 000EDF 000EDF 0
0 3853 000EE0 000EE0 0
0 3854 000EE1 000EE1 0
0 3858 000EE2 000EE2 0
0 3859 000EE3 000EE3 0
0 3860 000EE4 000EE4 0
0 3861 000EE5 000EE5 0
0 3862 000EE6 000EE6 0
0 3863 000EE7 000EE7 0
0 3864 000EE8 000EE8 0
0 3865 000EE9 000EE9 0
0 3866 000EEA 000EEA 0
0 3867 000EEB 000EEB 0
0 3871 000EEC 000EEC 0
0 3872 000EED 000EED 0
0 3873 000EEE 000EEE 0
0 3874 000EEF 000EEF 0
0 3875 000EF0 000EF0 0
0 3876 000EF1 000EF1 0
0 3877 000EF2 000EF2 0
0 3878 000EF3 000EF3 0
0 3879 000EF4 000EF4 0
0 3880 000EF5 000EF5 0
0 3881 000EF6 000EF6 0
0 3882 000EF7 000EF7 0
0 3883 000EF8 000EF8 0
0 3884 000EF9 000EF9 0
0 3885 000EFA 000EFA 0
0 3886 000EFB 000EFB 0
0 3887 000EFC 000EFC 0
0 3888 000EFD 000EFD 0
0 3889 000EFE 000EFE 0
0 3890 000EFF 000EFF 0
0 3891 000F00 000F00 0
0 3892 000F01 000F01 0
0 3893 000F02 000F02 0
0 3894 000F03 000F03 0
0 3895 000F04 000F04 0
0 3896 000F05 000F05 0
0 3897 000F06 000F06 0
0 3898 000F07 000F07 0
0 3899 000F08 000F08 0
0 3900 000F09 000F09 0
0 3901 000F0A 000F0A 0
0 3902 000F0B 000F0B 0
0 3903 000F0C 000F0C 0
0 3904 000F0D 000F0D 0
0 3905 000F0E 000F0E 0
0 3906 000F0F 000F0F 0
0 3907 000F10 000F10 0
0 3908 000F11 000F11 0
0 3909 000F12 000F12 0
0 3910 000F13 000F13 0
0 3914 000F14 000F14 0
0 3915 000F15 000F15 0
0 3916 000F16 000F16 0
0 3917 000F17 000F17 0
0 3918 000F18 000F18 0
0 3922 000F19 000F19 0
0 3923 000F1A 000F1A 0
0 3924 000F1B 000F1B 0
0 3925 000F1C 000F1C 0
0 3926 000F1D 000F1D 0
0 3927 000F1E 000F1E 0
0 3928 000F1F 000F1F 0
0 3929 000F20 000F20 0
0 3930 000F21 000F21 0
0 3931 000F22 000F22 0
0 3932 000F23 000F23 0
0 3933 000F24 000F24 0
0 3934 000F25 000F25 0
0 3938 000F26 000F26 0
0 3942 000F27 000F27 0
0 3943 000F28 000F28 0
0 3944 000F29 000F29 0
0 3945 000F2A 000F2A 0
0 3946 000F2B 000F2B 0
0 3947 000F2C 000F2C 0
0 3948 000F2D 000F2D 0
0 3949 000F2E 000F2E 0
0 3950 000F2F 000F2F 0
0 3951 000F30 000F30 0
0 3952 000F31 000F31 0
0 3953 000F32 000F32 0
0 3954 000F33 000F33 0
0 3955 000F34 000F34 0
0 3956 000F35 000F35 0
0 3957 000F36 000F36 0
0 3958 000F37 000F37 0
0 3959 000F38 000F38 0
0 3960 000F39 000F39 0
0 3961 000F3A 000F3A 0
0 3962 000F3B 000F3B 0
0 3963 000F3C 000F3C 0
0 3964 000F3D 000F3D 0
0 3968 000F3E 000F3E 0
0 3969 000F3F 000F3F 0
0 3970 000F40 000F40 0
0 3971 000F41 000F41 0
0 3972 000F42 000F42 0
0 3973 000F43 000F43 0
0 3977 000F44 000F44 0
0 3978 000F45 000F45 0
0 3979 000F46 000F46 0
0 3980 000F47 000F47 0
0 3981 000F48 000F48 0
0 3982 000F49 000F49 0
0 3986 000F4A 000F4A 0
0 3987 000F4B 000F4B 0
0 3988 000F4C 000F4C 0
0 3989 000F4D 000F4D 0
0 3990 000F4E 000F4E 0
0 3991 000F4F 000F4F 0
0 3995 000F50 000F50 0
0 3996 000F51 000F51 0
0 3997 000F52 000F52 0
0 3998 000F53 000F53 0
0 3999 000F54 000F54 0
0 4000 000F55 000F55 0
0 4001 000F56 000F56 0
0 4002 000F57 000F57 0
0 4003 000F58 000F58 0
0 4004 000F59 000F59 0
0 4005 000F5A 000F5A 0
0 4006 000F5B 000F5B 0
0 4007 000F5C 000F5C 0
0 4008 000F5D 000F5D 0
0 4012 000F5E 000F5E 0
0 4013 000F5F 000F5F 0
0 4014 000F60 000F60 0
0 4015 000F61 000F61 0
0 4016 000F62 000F62 0
0 4017 000F63 000F63 0
0 4018 000F64 000F64 0
0 4019 000F65 000F65 0
0 4020 000F66 000F66 0
0 4021 000F67 000F67 0
0 4022 000F68 000F68 0
0 4023 000F69 000F69 0
0 4024 000F6A 000F6A 0
0 4025 000F6B 000F6B 0
0 4026 000F6C 000F6C 0
0 4027 000F6D 000F6D 0
0 4028 000F6E 000F6E 0
0 4029 000F6F 000F6F 0
0 4030 000F70 000F70 0
0 4031 000F71 000F71 0
0 4032 000F72 000F72 0
0 4033 000F73 000F73 0
0 4034 000F74 000F74 0
0 4035 000F75 000F75 0
0 4036 000F76 000F76 0
0 4037 000F77 000F77 0
0 4038 000F78 000F78 0
0 4039 000F79 000F79 0
0 4040 000F7A 000F7A 0
0 4041 000F7B 000F7B 0
0 4042 000F7C 000F7C 0
0 4043 000F7D 000F7D 0
0 4047 000F7E 000F7E 0
0 4048 000F7F 000F7F 0
0 4049 000F80 000F80 0
0 4050 000F81 000F81 0
0 4051 000F82 000F82 0
0 4055 000F83 000F83 0
0 4056 000F84 000F84 0
0 4057 000F85 000F85 0
0 4058 000F86 000F86 0
0 4062 000F87 000F87 0
0 4063 000F88 000F88 0
0 4064 000F89 000F89 0
0 4065 000F8A 000F8A 0
0 4066 000F8B 000F8B 0
0 4067 000F8C 000F8C 0
0 4068 000F8D 000F8D 0
0 4069 000F8E 000F8E 0
0 4070 000F8F 000F8F 0
0 4071 000F90 000F90 0
0 4072 000F91 000F91 0
0 4073 000F92 000F92 0
0 4074 000F93 000F93 0
0 4075 000F94 000F94 0
0 4076 000F95 000F95 0
0 4077 000F96 000F96 0
0 4078 000F97 000F97 0
0 4079 000F98 000F98 0
0 4080 000F99 000F99 0
0 4081 000F9A 000F9A 0
0 4082 000F9B 000F9B 0
0 4083 000F9C 000F9C 0
0 4087 000F9D 000F9D 0
0 4088 000F9E 000F9E 0
0 4089 000F9F 000F9F 0
0 4090 000FA0 000FA0 0
0 4091 000FA1 000FA1 0
0 4092 000FA2 000FA2 0
0 4093 000FA3 000FA3 0
0 4094 000FA4 000FA4 0
0 4095 000FA5 000FA5 0
0 4096 000FA6 000FA6 0
0 4097 000FA7 000FA7 0
0 4098 000FA8 000FA8 0
0 4099 000FA9 000FA9 0
0 4100 000FAA 000FAA 0
0 4101 000FAB 000FAB 0
0 4102 000FAC 000FAC 0
0 4103 000FAD 000FAD 0
0 4104 000FAE 000FAE 0
0 4105 000FAF 000FAF 0
0 4106 000FB0 000FB0 0
0 4107 000FB1 000FB1 0
0 4108 000FB2 000FB2 0
0 4109 000FB3 000FB3 0
0 4110 000FB4 000FB4 0
0 4111 000FB5 000FB5 0
0 4115 000FB6 000FB6 0
0 4116 000FB7 000FB7 0
0 4117 000FB8 000FB8 0
0 4118 000FB9 000FB9 0
0 4119 000FBA 000FBA 0
0 4120 000FBB 000FBB 0
0 4121 000FBC 000FBC 0
0 4122 000FBD 000FBD 0
0 4123 000FBE 000FBE 0
0 4124 000FBF 000FBF 0
0 4125 000FC0 000FC0 0
0 4129 000FC1 000FC1 0
0 4130 000FC2 000FC2 0
0 4131 000FC3 000FC3 0
0 4132 000FC4 000FC4 0
0 4133 000FC5 000FC5 0
0 4134 000FC6 000FC6 0
0 4135 000FC7 000FC7 0
0 4136 000FC8 000FC8 0
0 4137 000FC9 000FC9 0
0 4141 000FCA 000FCA 0
0 4142 000FCB 000FCB 0
0 4143 000FCC 000FCC 0
0 4144 000FCD 000FCD 0
0 4145 000FCE 000FCE 0
0 4146 000FCF 000FCF 0
0 4147 000FD0 000FD0 0
0 4148 000FD1 000FD1 0
0 4149 000FD2 000FD2 0
0 4150 000FD3 000FD3 0
0 4151 000FD4 000FD4 0
0 4152 000FD5 000FD5 0
0 4153 000FD6 000FD6 0
0 4154 000FD7 000FD7 0
0 4155 000FD8 000FD8 0
0 4156 000FD9 000FD9 0
0 4157 000FDA 000FDA 0
0 4158 000FDB 000FDB 0
0 4159 000FDC 000FDC 0
0 4163 000FDD 000FDD 0
0 4164 000FDE 000FDE 0
0 4165 000FDF 000FDF 0
0 4166 000FE0 000FE0 0
0 4167 000FE1 000FE1 0
0 4168 000FE2 000FE2 0
0 4169 000FE3 000FE3 0
0 4170 000FE4 000FE4 0
0 4171 000FE5 000FE5 0
0 4172 000FE6 000FE6 0
0 4173 000FE7 000FE7 0
0 4174 000FE8 000FE8 0
0 4175 000FE9 000FE9 0
0 4176 000FEA 000FEA 0
0 4177 000FEB 000FEB 0
0 4178 000FEC 000FEC 0
0 4179 000FED 000FED 0
0 4180 000FEE 000FEE 0
0 4184 000FEF 000FEF 0
0 4185 000FF0 000FF0 0
0 4186 000FF1 000FF1 0
0 4187 000FF2 000FF2 0
0 4188 000FF3 000FF3 0
0 4189 000FF4 000FF4 0
0 4193 000FF5 000FF5 0
0 4194 000FF6 000FF6 0
0 4195 000FF7 000FF7 0
0 4196 000FF8 000FF8 0
0 4197 000FF9 000FF9 0
0 4198 000FFA 000FFA 0
0 4199 000FFB 000FFB 0
0 4200 000FFC 000FFC 0
0 4201 000FFD 000FFD 0
0 4202 000FFE 000FFE 0
0 4203 000FFF 000FFF 0
}
ASM FILE 1 {
D:\×ÊÁÏ\P2code\code\DEBUGFILE\_DeclFuncExportName_1.s
@@@@@: CODE 0
}
ASM FILE 1 {
D:\×ÊÁÏ\P2code\code\DEBUGFILE\_DeclFuncExportName_1.s
@@@@@: CODE 0
}
